28
1 2 4 5 6 11 14 17 19 20 23 26 27
2 3 4 5 9 12 13 16 17 19 23 26 28
3 6 8 10 12 13 15 16 17 18 22 23 24 25 26 27
4 6 7 9 10 11 12 17 18 19 22 24 28
5 2 4 6 7 13 16 17 18 21 22 25 27
6 5 7 8 9 13 14 15 17 18 19 20 21 22 24 27 28
7 4 5 6 8 9 10 11 17 18 23 26 27 28
8 2 3 4 6 7 9 10 14 15 16 18 19 20 22 24 28
9 1 2 3 4 5 6 8 10 11 13 14 15 19 20 24 25 26 27
10 2 3 6 7 8 9 13 14 23 25 28
11 1 3 6 7 8 9 10 17 18 20 23 25 26 28
12 1 3 4 6 16 20 21 25 26
13 1 2 4 7 10 12 14 15 16 17 19 23 25 28
14 3 6 7 8 9 10 11 12 13 17 18 19 23
15 1 3 4 6 10 11 14 16 17 18 20 22 23 26 27 28
16 1 3 4 8 12 13 15 25 27 28
17 1 2 3 6 7 10 12 13 15 20 21 22 23 26 27 28
18 4 5 7 8 9 20 21 22
19 2 3 5 6 8 9 10 13 15 16 21 23 28
20 4 5 6 7 10 11 17 19 21 22 26 27 28
21 2 4 5 6 7 9 11 12 14 15 22 24 25 26 27 28
22 1 2 3 5 8 15 19 24 25
23 1 6 9 11 13 15 16 17 18 19 21 25 28
24 2 3 4 5 8 11 14 18 21 28
25 1 3 6 7 9 11 12 13 14 15 17 18 20 23 24 27
26 2 3 4 5 13 14 16 21 23 24 27
27 1 2 3 5 6 7 12 13 15 21 22 23 24 28
28 1 3 5 6 8 9 14 15 21 24 26
