84
1 46 44 74 5 62 29 65 83 21 22 48 33 63 6 37 23 59 84 39 2 17 42 75 47 71 36 8 19 13 43 56 16 53 28 24 45 81 12 79 69 82 35 80 15 25 55 66 77 70 76 72 26 20 78
2 10 77 82 75 3 22 27 41 23 68 13 47 73 67 61 74 24 80 40 14 6 60 76 57 16 46 43 56 81 34 42 7 62 37 72 79 35 52 38 78 71 1 26 29 53 30 59 12 84 70 69 11 32
3 64 49 84 16 40 22 5 60 42 63 45 21 58 54 81 55 76 32 36 10 43 79 47 12 53 2 59 28 57 78 26 46 6 61 38 65 30 23 80 31 50 62 56 24 68 4 18 15 29 67 35 25 44 70 14 11 52 1 77 73 9 66 27 75 71 34 48 20 69 51 8 17 7 13
4 71 14 27 80 70 21 53 24 63 31 3 13 30 83 69 59 78 51 42 61 73 16 54 68 52 81 60 34 5 58 22 76 9 12 62 47 64 46 29 35 39 48 2 6 32 1 25 82 75 49 57 79 36 26 50 44 10 8 18 43 74 67 66 23 84 37 28 77
5 31 55 82 53 4 1 44 52 3 84 34 7 22 11 79 78
6 16 39 24 82 83 61 42 76 27 18 38 68 5 54 47 22 59 41 84 79 15 1 20 80 10 72 67 31 50 34 29 12 43 23 32 2 63 28 30
7 69 31 49 57 27 6 37 25 65 24 62 51 68 29 38 5 54 82 33 11 21 45 47 52 46 43 81 4 78 72 19 9 63 56 84 59 70 83 53 18 40 17 80 8 26 74 35 10 16 41 76 22 42 32 13 67 34 66 28 60 79 15 12 64 20 3
8 27 6 58 71 68 40 37 46 50 4 24 44 62 52 12 69 57 17 63 31 2 21 45 43 9 51 34 61 19 74 7 38 84 35 29 25 39 14 10 36 3 20 1 79 77 67 33 30 82 53 78 5 13 66 23 11 60 75 26 22 47 73 41 83 15 76 70 80 16 32 54 64 72 49 18 56 59 81 28 55 42
9 82 10 47 56 21 31 74 34 39 4 83 38 42 62 75 59 6 61 28 65 16 44 11 52 77 64 81 45 15 70 57 18 25 20
10 43 7 51 18 9 62 46 28 3 42 41 82 79 15 69 59 77 40 8 35 2 64 25 38 11 14 26 71 73 68 48 44 27 65 55 4 22 81 20 49 13 63 23 74 80 70 52 83 29
11 58 77 59 69 73 50 55
12 39 33 38 73 49 40 76 3 64 58 10 60 7 75 11 48 43 52 31 63 36 74 13 25 23 62 28 69 34 83 18 2 44 29 61 71 22 37 24 8 20 67 65 14 9 84 79 46 56 68 77
13 30 7 31 23
14 75 16 5 70 65 56 83 77 78 17 28 32 69 21 43 52 76 34 35 79 4 37 3
15 56 74 37 1 19 79 27 52 83 76 34 38 82 12 41 26 71 21 20 4 84 11 80 17 5 18 60 59 16 66 73 40 64 70 48 22 28 57 25 78
16 77 11 62 40 76 3 70 25 71 63 39 50 35 24 4 22 78 74
17 11 55 75 71 19 56 4 8 54 49 18 3 70 78 36 53 41 67 58 37 52 47 62 44 38 63 43 68 28 22 15 24 59 6 30 69 5 45 50 33 82 83 40 1 73 61 35 29 60
18 15 58 46 25 35 61 73 83 78 20 16
19 80 73 17 50 77 62 13 1 40 27 33 46 60 14 22 76 52 35 54 48 24 9 64 26 61 70 68 20 69 75 71 63 11 42 43 49 21 36 81 66 30 16 47 65
20 68 33 4 82 31 1 47 37 3 52 24 17 30 62 59 19 61 84 22 80 23 65 8 73 12 43 32 55 81 60 56 77 26 72 11 28 27 6 5 45 66
21 46 77 69 62 51 14 56 84 66 38 26 78 35 79 13 44 54 4 74 81 27 17 80 68 53 75 50 3 32 76 36 16 55 33 5 72 28 52 65 30 29 31 73 19 71 12 11 23 6 82 49 70 48 43 59 83 9 57 18 8 47 45 10 1 2 58 40 24 61 22 67 63 7 64 41 42 37 15 20 34
22 74 45 2 1 3 43 30 26 16 78 64 8 68 70 83 40 39 47 10 42 52 67 5 29 23 71 57 53 37 55 34 82 25 59 81 58 49 15 84 48 32 24 72 17 56 21 54
23 8 80 62 48 34 31 3 20 30 26 32 12 1 46 68 84 52 39 65 25 7 24 69 72 43 29 56 16 63 22 79 42 76 18 47 73 78 11 38 9 66 10 49 82 45 64 71 55 27 58 44
24 37 50 32 48 78 77 25 61 68 55 76 60 53 39 59 19 67 69 26 5 83 6 17 4 51 18 2 35 80 73 71 33 11 29 15 72 58 42 57 3 13 46 23 22 10 44 75 84 21 16 43 1 34 36 70 41 27 82 30 31 62 74 49 14 52 54 20 66 9 40 64 56 65
25 36 5 51 65 41 83 54 43 52 77 2 68 47 15 1 29 59 46 18 60 76 22 63 44 79 82 28 8 67 45 70 31 39 55 34 62 71 12 69 14 37 10 38 19 74 32 42 27 24 57 7 80 72 6 9 64
26 78 61 7 21 82 54 79 28 83 8 65 63 16 68 20 44 53 37 1 10 47 29 19 23 76 45 2 73 3 12 22 40 60 39 15 51 34 36 32 43
27 28 49 69 8 55 44 32 83 71 70 57 20 81 40 77 5 56 11 13 22 73 54 82 10 25 53 74 84 1 46 29 37 35 2 30 18 9 4 59 31 26 24 41 16 36 68 76 38 19 12 15 58 7 72
28 21 12 10 14 31 5 33 19 49 36 39 66 44 7 22 37 57 56 20 53 48 61 76 67 42 83 15 51 29 84 1 40 27 71 2 24 54 75 9 11 52 47 69 82 60 79 65 16 3 17 77
29 53 55 43 69 37 2 66 20 27 68 52 33 44 57 61 78 83 26 7 76 21 60 9 10 50 81 28 34 16 4 74 46 79 71 8 15 35 42 72 59 23 18 67 22 65 54 75 58 64 17 70 49 62 51 30 45 80 48 41 77 1
30 4 69 1 80 8 9 35 46 84 73 16 45 74 24 63 51 62 7 58 27 33 26 38 25 50 44 43 3 48 10 37 28 2 57 68 15 42 41 40 67 81 19 5 78 31 13 60 70 22 39 82 64 54 77 21 72 47 17 83 23
31 61 28 54 45 79 27 59 66 69 41 60 10 2 70 72 40 7 24 20 42 12 67 83 13 68 73 78 4 44 23 51 84 74 39 46 6 47 75 63 26 53 9
32 82 19 47 14 31 22 5 45 52 80 60 65 66 27 79 43 53 51 16 84 46 24 49 57 40
33 2 23 34 35 66 52 27 64 40 58 16 32 72 28 54 70 73 39 15 79 29 30 1 74 83 46 45 59 55 82 20 48 60 14 18 71 84 26 12 22 6 49 36 13 56 19 38 81 41 3 67 4 43 24 47 44 53 62 11 50 61 37 63 57 10 51 76 31
34 59 84 1 11 52 7
35 6 50 82 47 60 18 80 13 42 78 26 30 59 66 41 44 72 8 1 28 69 58 5 75 4 36 49 65 64 54 39 77 81 12 19 23 11 45 40 43 84 29 68 16 55 37 62 56 71 21 79 73 7 70 48 31 63 27 53 2
36 31 20 65 39 15 81 7 62 59 43 66 55 58 77 45 8 5 74 41 38 47 72 11 3 80 22 12 83 35 24 6 46 40 70 50 49 48 4 51 76 60 25 78 2 56 14 61 16 54 27 63 18 26 17 52 68 10 37 23 53 44 79 9 19 32 29 33 13 57 1 84 64 69
37 40 74 76 38 50 21 61 73 69 48 51 64 18 70 45 47 1 65 27 25 12 52
38 59 43 49 22 33 50 1 82 14 8 27 51 70 13 68 46 12 74 52 56 24 34 30 72 10 47 36 48 61 4 37 23 42 18 76 66 62 21 25 20 81 69 45 54 7 32 58 31 28 71 2 9 79 35 75 73 55 83 77 19 67 53 5 60 63 64 26 6 57 78 11 65 80 40 15 39 29 17 41 3 84 16 44
39 37 51 4 53 13 58 9 44 6 84 72 22 64 83 1 40 28 12 10 14 5 74 81 30 23 34 78 24 73 71 36 70 15 45 55 49 60 38 33 67
40 23 28 16 48 84 37 10 20 22 77 58 73 25 62 67 7 68 38 42
41 8 78
42 76 51 36 69 35 73 60 19 84 15 50 54 33 79 62 13 10 23 12 48 65 16 22 77 3 80 56 61 72 74 1 37 66 8 41 9 45 39 7 57 55 25 81 71 5 58 64 53
43 56 37 27 7 72 8 64 38 80 53 41 17 55 20 4 46 12 79 6 39 13 30 49 47 3 74 76 31 58 36 48 69 52 75 35 11 81 44 83 62 26 1 23 9 28 68 73 61 45 5 14 57 82 70 15 21 33 60 66 22 25 51 54 65 32 50 67 71 2 42 24 78 40
44 72 30 73 36 65 70 34 5 22 50 40 51 57 52 11 77 3 48 28 26 75 68 62 54 43 18 1 10 4 84 56 79 15 21 9 80 67 12 25 16 32 53 6 14 37 61 55 24 58 17 8 63 29 38 41 66 78 69 60 81 31 27 2 71 83 33 7 49 76 46 39 82 47 59 19 13 20 45 74 42 23 35 64
45 57 18 76 49 17 58 36 41 77 62 46 67 50 4 26 7 44 54 34 66 82 53 68 16 5 29 13
46 3 59 78 14 53 75 58 35 27 25 29 34 57 84 31 38 18 41 7 36 79 56 11 44 77 71 30 5 62 47 21 69 51 74 64 68 39 17 33 66 55 10 49 9 54 19 13 52 8 81 26 61 65 63 16 43 40 73 48 72 15 70 6 20
47 41 32 42 33 46 56 84 10 40 11
48 45 71 24 74 6 80 66
49 62 77 75 59 34 30 10 26 82 41 36 63 28 40 74 81 65 78 29 66 16 27 67 60 33 53 11 35 47 23 43 83 24 58 50 39 22 4 57 2 1 44 55 80 37 84 71 13 17 7 61 76 72 73 45 56 9 12 70 21 20 54 51 5 42 6 48 69 31 38 46 52 3 32 64 19 25 18 15 79
50 36 72 81 41 40 68 49 4 69 25 6 47 32 45 59 14 8 10 66 7 84 2 23 48 17 3 27 77 21 63 20 28 16 75 39 30 26 34 54 55 5 37 76 13 53 12 82 64 58 24 51 38 70 67 43 31 65 46 19 42 80 60 73 35 29 62 83 56 44 15 1 11 33 74 9 22 71 79
51 81 61 39 2 23 30 5 8 54 11 73 22 15 50 34 60 10 82 83 13 63 58 6 65 9 40 35 12 16 32 4 59 55 43 77 3 26 7 44 48 76 47 45 71 57 14 21 79 42 28 18 74 52 80 84 38 72 19 25 27 24 17 49 78 75 46 41 56 53 64 36 37 69 31 70
52 48 25 72 1 47 54 4 80 46 24 23 55 59 13 16 51 63 15 3 57 11 20 36 50 32 64 42 27 60 66 41 12 37 14 33 6 81 68 22 34 45 44 71 39 58 62 21 79 30 29 9 53 75
53 13 73 16 14 39 4 63 79 12 31 45 40 34 11 54 44 72 48 69 41 17 74 77 71 7 2 46 23 51 57 50 20 25 64 28 26 24 65 62 3 61 30 27 55 52 22 58 76 10 1 8 35 18 42 43 29 15 78 5 83 81 60 47 6
54 65 2 69 81 41 40 20 36 61 47 26 51 49 29 52 3 39 16 75 43 44 22 53 55 68 79 38 74 83 33 59 45 5 48 72 23 50 13 8 56
55 30 65 19 24 44 50 74 49 20 37 23 28 73 9 29 5 26 14 43 48 38 6 68 4 39 76 71 36 56 51 25 12 15 54 53 17 47 66 35 40 18 70 60 22 31 67 79 58 63 72 7 80 21 8 27 77 78 11 61 1 82 10 32 59 3 16 45 41 33 69 81 2
56 50 28 83 2 3 47 4 51 37 9 77 54 43 25 66 74 57 53 20 65 58 18 76 35 32 29 80 61 26 48 36 39 11 46 38 12 33 78
57 58 75 25 31 13 52 7 54 10 23 41 15 36 24 3 9 26 29 34 42 60 71 43 17 38 64 51 82 70 45 14 1 8
58 47 39 81 16 56 57 8 20 44 82 7 17 1 36 50 75 29 66 38 76 79 53 22 2 83 68 48 31 77 4 19 63 11 45 21 69 42 61 3 18 70 10 25 32 59 34 27 15 65 23 78 24 54 73 9
59 51 46 32 80 27
60 32 83 68 50 18 58 54 80 57 10 8 73 62 35 49 30 41 64 33 23 17 38 6 48 69 37 14 44 12 20 21 34 45 79 7 76 53 47 63 67 28 15 11 75 24 25 77 70 39 81 3 31 29 13 36 59 43 1 9 82 22 40 4 51 71 52 74 5 26 55 84 46 66 56 2 27 78 42 61
61 21 9 13 20 30 70 47 60 1 40 29 66 23 64 33 2 35 80 19 17 71 59 74 53 42 52 51 50 44 12 79 32 72 8 77 25 41 37 10 49 46 56 69 28 63 34 58 26 73 31 68 76
62 67 53 40 27 22 41 3 65 4 48 25 81 44 16 19 15 38 55 6 64 23 35 29 45 49 71 74 82 31 76 83 69 33 70 77 11 20 68 50 17 56 73 36 84 2 12 52 37 9 13 80 43 54 46 66 78 75 7 21 61 39 60 47 24 57 32 59 10 1 42 63 72 58 5 18 8 79 51 26 28 34
63 41 37 58 42 15 22 38 8 16 72 3 49 29 66 61 21 20 60 64 78 32 68 71 82 30 31 44 11 54 34 9 2 7 4 5 6 80 40 67 10 75 45 24 25 76 51 53 27 74 55 62 46 14 23 70 36 59 77 28 83 18 12
64 78 66 80
65 51 24 42 81 52 50 75 32 84 57 12 21 33 68 78 70 46 34 44 7 8 69 40 41 43 14 71 9 17 58 20 13 62 56 48 47 16 27 80 10 38 82 49 45 63 28 25 55 39 35 72 60 64 76 73 31 2 54 4 59 23 83 36 79 61 19 1 30 3 11 67 22 77 15 37 74 29 26 6 18 53 66
66 68 32 65 56 49 45 52 4 9 67 16 73 62 70 57 39 34 50 64 71 36 24 2 28 15 54 40 60 19 58 14 84 79 41 44 61 35 83 22
67 68 39 82 55 44 72 17 41 23 45 70 28 62 58 78 80 4 75 32 8 5 57 71 25 7 48 27 56 76 26 16 63 19 73 52 53 11 81 10 9 37 34 31 60 61 69 24 30 65 40 29
68 66 17 25 51 54 18 23 58 84 46 65 2 83 34 63 59 26 81 41 12 16 80 52 78 55 42 56 60 5 35 9 72 6 27 22 32 40 8 37 49 15 7 44 14 75 50 79 30 57 62 24 64 19 69 48 4 45 36 21 74 82 61 43 76 11 20 28 71
69 8 19 39 60 80 14 68 4 44 81 72 57 77 46 25 17 58 40 43 47 63 52 50 37 35 1 21 27 30 55 10 2 16 41 26 13 73 18 36 83 79 12 75 61 51
70 75 65 27 58 10 13 1 84 53 23 69 64 51 42
71 60 23 28 81 3 37 47 7 1 54 42 56 78 79 64 22 49 21 50 62
72 38 32 25 83 51 81 60 39 43 3 40 26 9 67 1 44 14 34 79 30 2 13 28 12 18 29 41 69 5 78 64 57 63 84 73 24 15 19 58 45 33 22 59 55 65 20 27 17 16 53 75 4 42 56 11 49 6
73 76 17 53 12 79 6 77 15 23 27 59 71 78 58 37 67 19 62 80 74 39 36 24 4 56 48 38 60 54 31 65 1
74 11 79 50 66 83 20 39 62 23 36 5 73 80 60 72
75 6 33 48 66 65 5 50 61 46 32 2 11 69 73 20 63 54 72 82 79 83 58 71 81 22 1 57 30 40 36 70 9 44 34 64 3 10 77 31 29 45 38 42 15 62 8 27 53 23 74 19 52 21 12 14 24 60 16 55 4 13 39 68
76 52 59 49 71 60 27 16 61 42 14 48 35 83 34 82 75 39 1 81 7 57 73 79 56 24 17 28 50 3 62
77 64 2 3 22 34 10 73 58 55 57 31 23 82 59 19 1 50 60 80 45 28 71 17 26 21 27 33 62 84 54 72 49 20 76 66 44 41 74 69 56 29 46
78 63 13 12 48 84 44 66 32 39 27 5 79 64 58 56 76 45 36 19 67 43 46 74 9 34 51 2 55 3 70 20 30 50 73 29 22 69 21 68 57 52 38
79 73 74 21 63 83 25
80 67 36 16 54
81 21 45 7 74 6 11 17 82 24 79 26 59 50 47 15 84 52 60 57 37 54 4 78 69 33 23 12 44 8 67 14 13 61 25 39 27 66 20 10 77 22 32
82 1 71 54 36 24 16 69 32 40 76 59 63 30 49 10 2 26 5 58 12 39 18 78 80 44 29 22 7 23 21 35 53 46 64 48 20 38 31 52
83 71 14 51 65 84 37
84 72 34 41 45 9 67 36 49 48 51 6 39 43 30 5 60 31 63 38 19 61 56 42 83 27 50 29 25 11 12 64 23 76 35 20 2 73 14 22 75 8 52 47 26 68 57 44 16 32 7 1 21 79 10 54 59 4 82 37 55 77 62 80 65 81 15 74 18 58 66 40 24 3 17 13 28 33 53
