63
1 60 34 26 58 45 19 46 36 37 28 9 44 42 25 51 2 15 50 6 38 47 23 5 13 35 57 30 22 14
2 27 45 20 41 34 25 1 51 42 24 3 43 17 8 19 56 53 16 21 26 44 63
3 29 35 59 25 37 9 45 44 10 2 26 19 49
4 52 46 47 29 11 7 62 48 10 56 43 18 9 34 45 37 26 38
5 57 23 20 40 3 43 28 51 53 10 19 47 56 4 38 54 17 37 39 16 49 9 7 50 59 58 61 2 36 62 31 41 42 26 15 33 29 48 14 27 63 21 44 24 13 34 45 25 18 30
6 52 38 40 33 58 59 18 4 3 21 31 22 17 5 56 62 42 16 14 55 49 41 47 63 30 13 53 24 20 60 29 28 15 11 25 43 48 27 44 26 8 45 36 37 35 9 54 34 23 10 46 32
7 51 40 9 36 30 32 19 47 56 39
8 14 19 34 20 33 2 32 62 12 25 17 24 1 61 56 37 47 15 7 21 4 13 39 16 63 48 11 10 50 58 46 40 42 6 5 52 23 35 30 36 22 51 60 3 45
9 21 7 4 19 17 40 43
10 62 60 22 58 44 13 37 25 2 29 21 59 16 48 54 19 43 61 36 42 53 47 51 9 6 8 35 52 20 33 4 12 57 5 56 7 18 27 34 38 50 32 1
11 23 50 28 30 17 22 59 9 21 6 37 32 35 36 44 31 15 49 38 26 27 48 1 63 24 53 14 5 58 33 39 46 25 29 13 16 18 52 4 40 54 12 56 43 3 10 55 2 62 8 19 41 47 45 42 34 20 60 61 57 51 7
12 21 59 20 58
13 22 46 29 42 35
14 49 29 28 43 37 12 21 32 8 6 2 10 61 13 52 1 56 24 53 11 19 62 17 35 59 26 60 7 47 5 48 16
15 59 6 2 56 47 1 3 48 42 63 20 62 18 39 21 46 13 40 51
16 23 37 56 48 12 7
17 19 26 63 52 21 30 11 53 7 48 61 16 43 27 15 59 6 8
18 46 28 51 23
19 26 8 7 27 29 43 17 51 21 6 2 31 15 57 52 37 16 34 28 4 25
20 27 54 42 52 59 13 57 60 62 32 31 56 18 61 37 2 48 53 24 29 26 63 23 58 12 14 25 5 17 50 51 35 36 3 28 55 7 46 4 6 30
21 37 53 15 13 12 30 4 59 47 27 49 63 34 6 45 5 1 51 50 38 33 24 17 62 39 36 11 20 60 42 9 28 7 10 35 18 23 61 2 14 41 3 22 57 58 46 54 48 40 31 26 55 52 25 32 43 29 19 44
22 12 57 34 11 35 27 47 37 36 31 8 52 29 42 21 26 28 16 46 4 18 59 48 62 24 10 2 19 61 51 20 54 1 44 38 40 7 60
23 61 3 29 19 49 60 17 59 33 47 8 2 20 57 9 25 6 10 44 42 7 46 22 31 48 5 63 27 52 56 35 50 53 16 1 28 24 45 54 30 40 11 26 51 41 14 32 15 43 58 38 55
24 14 49 53 29 56 17 12 63 61 37 31 40 16 43 28 33 11 44 2 34 55 46 9 15 7 30 59 50 6 19 41 36 25 47 38 26 42 5 1 39 3 21 52 27 57 35 62 8 60
25 59 32 51 20 55 10 3 41 60 33 7 13 11 48 16 40 53 8 27 17 5 18 4 50 42 21 54 43 62 9 46 49 44 15 2 61 47 6
26 6 1 13 24 25 35 44 50 58 32 43 60 49 54 29 15 28 39 56 21 52 40 14 34 19 63 37 55 17 42 57 51 33 36 59 5 48 2 9 18 3 4 7 41 8 62 20 46
27 39 48 24 3 17 34 23 35 40 18 49 56 45 43 54 14 30 5 16 42 9 8 46 21 37 15 29 36 22 10 6 31 26 12 7 53 63 20 33 38 58 47 11 51 28 60
28 25 62 58 45 10 12 50 54 2 17 13 5 60 32 36 44 9 14 52 55 53 48 20 61 47 39 23 40 31 15 1 4 42 57 21 35 24 63 43 51 6 22 18 7 38 37 56
29 47 9 21 14 12 46 28 37 63 55 48 4 24 61 40 33 35 32 39 53 45 18 26 44 30 60 19 27 57 20 42 23 25 43 62 1 56 2 54 52 13 15 49 3 41 34 50 16 38 5 51 11 10
30 13 53 23 9 48 54 10 46 5 47 62 42 14 38 6 4 22 1 57 18 43 26 61 3 35 58 50 16 7 41 60 8 39 49 45 51 27 37 15 17 44 29 32 31 55 11 25 2 56
31 60 61 15 25 24 47 32 44 43 11 27 35 23 42 48 21 29 54 46 37 20 52 51 45 16 38 55 6 41 39 30 40 9 1 8 28 33 2 63 17 36 10 62 7 58 26
32 42 19 30 20 14 27 39
33 13 28 44 60 36 56 15 55 17 6 2 30 25 5 32
34 56 30 33 20 57 44 8 41 17 23 49 19 13 6 28 52 16 29 45 55 54 11 39 48 1 9 62 5 51 10 26 14 58 63 18 43 27 7 38 40 59 37 2 15 36 50 4 3 25
35 48 37 12
36 57 17 56 47 12 45 34 42 22 10 33 25 14
37 15 9 10 30 58 38 21 47 52 35 18 33 61 44 59 34 22 57 40 48 6 54 26 51 23 46 42 32 20 8
38 9
39 51 6 63 26 14 42 33 29 53 17 52 1 31 37 5 40 61 41 45 49 34 16 36 57 18 23 38 27 48 3 60 12 32 19 11 8 47 21 10 50
40 41 5 60 21 53 25 31 14 62 18 16 50 28 46 52 2 54 3 43 32 23 10 4 11 24 49 58 7 48 1 44 33 51
41 5 3 62 32 46 10 16 19 2 6 42 14 29 21 57 59 27 12 63 23 50 38 17 49 1 51 43 44 52 55 36 39 54 24 61 20 53 47 7 18 40 45 48
42 47 62 30 4 6 56 44 36 10 32 14 60 15 34 37 52 27 33 51 22 38 48 49 55 9 40 28 20 25 7 54 3 41 29 23 39 24 1 12 5 16 21
43 29 28 23 60 22 37 35 55 17 6 10 48 50 19 62 21 11 58 38 18 57
44 56 48 22 5 63 6 28 17 52 8 14 18 20 12 42 45 19 46 1 16
45 3 31 41 42 35 56 24 17 54 51 6 33 36 27 39 55 26 63 12 47 32 38 43 11 8 48 1 28 14 21 5 60 16 53 20 18 19 57 22 62 15 46 30 29 25 13 52 50 23 34 4 40 9
46 55 62 53 17 56 9 45 38 4 37 52 19 8 16 54 42 40 39 51 50 48 29 35 58 13 41 22 49 12 23 2 60 33 24 27 63 28 7 59 11 44 18 5 57 21 36 6 32 15 30 61 1
47 62
48 40 35 56 12 18 46 58 14 15 22 60 8 54 45 50 2 39 17 30 63 26 24 51 1 38 49 25 33 21 43 9 62 3 23 20 28 57 42 61 59 13 31 36 53 37 6 19 11 5 44 7
49 48 38 45 58 36 59 32 29 20 43 63 22 9 52 31 51 8 57 39 18 54 26 61 2 40 30 34 21 33 6 37 25 5 4 17 19 50 24 11 55 23 60 12 47 14 53 46 16 42 13 7 1
50 40 31 59 9 46 21 48 37 62 28 60 43 61 3 47 39 17 57 49 56 41 16 42 63
51 17 30 9 54 10 21 55 59 45 62 43 24 23 4 39 16 22 41 35 19 33 12 34 1 63 58 60 25 8 53 7 46 44 2 14 31 13 52 50 48 40 37 27 28 15 11 57 20
52 48 8 21 46 53 22 31 29 27 42 62 61 49 7 10 26 45 59 11 18 2 12 41 24 9 35
53 10 47 19 52 21 45 30 27 63 2 41 34 36 4 25 7 26 62 11 17 20 28 1 57 58 29
54 58 24 55 16 50 17 12 14 26 18 31 37 2 56 22 8 40 35 57 13 60 43 62 29 5 33 53 42 6 45 25 61 27
55 31 5 15 37 19 46 49 10 11 26 53 59 38 61 42 13 50 17 36 25 9 32 21 23 12 48 63 24 58 60 16 29 20 47 51 40 43 35 45 34 14 33 7 3 4 52 57 62 28 44
56 32 17 63 2 3 39 36 41 15 22 59 60 31 53 25 44 16 30 43 33 9 8 1 57 52 51 12 34 37 62 42 19 40 24 45 61 6 49 38 54 4 50 46 48 29 35 10 58 20 11 27 28 5 55
57 55 17 14 3 42 15 40 43 30 52 61 29 11 45 12 20 2 47 37 51 8 4 21 49 23 22 5 48 50 34 31 46 63 28 44 39 9 54 16 35 1 38 25 33 59 58 41 18 24 6 53 56
58 57 53 10 40
59 46 34 32 12 8 14 18 31 2 49 37 22 16 29 3 17 56 19 50 11 51 42 60 6 40 47 53 54 62 55 23 26 63 33 4 1 10 25 43 36 48 44 41 30
60 11 28 16 57 12 13 20 19 27 4 58 32 23 62 45 52 46 34 14 22 59 39 17 47 9 51 50 25 38 18 2 44 56
61 23 52 20 60 49 34 17 43 27 12 14 58 10 47 36 16 62 39 9 51 21 35 13 53
62 50 36 40 24 35 2 22 5 27 57 51 63 31 23 26 37 1 4 32 41 45 52 11 55 28 42 58 20 49 44 59 39 30 19 43 46 33 18 61 29 14 10 21 6 8 3 17 54 34
63 60 27 23 8 21 47 49 30 39 4 3 16 35 13 14 46 61 53 24 54 32 42 43 33 26 20 15 2 5 10 34 38 9 55 7 37 52 51 50 17 12 18 22 59 1 56 6 45 11 19 58 25 29 40 57
