49
1 33 30 7 24 19 2 36 16 5 9 37 11 35 20 18
2 30 39 17 12 36 49 9 31 46 27 20 4 10 42 38 41 35 40 18 24 45 3 19 1 26 29 44 33 48 14 8
3 46 15
4 49 19 33 1 3 38 32 15 42 30 31 28 25
5 23 40 22 26 38 7 30 6 11 35 1 44 8 27 48 43 2 46 16 12 49 17 32 33 13 18 3 37 31 39 20 29
6 49 26 33 2 30 34 10 29 17 41 20 18 15 5 36 22 3 27 44 35 48 32 7 37 31 19 40 47 8 23 46 45 25 21 13 11 12 16 1
7 23 31 5 18 12 39 14 20 48 26 43 25 13 17 29 4 24 28 33 10 8 47 1 30 15
8 25 29 32 34 22 11 3 47 20 39 46 42 38 13 21 10 26 27 16 37 31 15 44 24 28 19 4 12 45 30 33 40 48
9 40
10 14 4 39 28 45 41 44 5 33 12 23 48 49 21 20 34 9 24 19 31 13 30 40 29 15 8 7 46 1 18 25 11 17 35 22 27 43 36 42
11 7 25 19 10 31 3 15 18 37 24 5 27 49 42 8 1 40 32 16 43 12
12 29 18 40 43 9 28 30 7 45 23 13 17 33 42 41 10 39 2 8 38 24 15 34 4 5 21 32 35 31 47 27 14 19 36 20 26 1 49 3 11 25 6 37
13 27 44 22 28 6 48 15 33 16 42 1 30 2 43 47 11 7 45 3 14 46 34 8 23 37
14 38 34 28 16 35 19 39 30 44 15 36 11 45 9 47 49 10 25 1 6 12 48 40 21 27 5 43 26 23 33 42 37 8 4 29 3 13 17 24 31 32 7 41 20 2
15 42 19 18 6 41 11 38 28
16 9 10 11 30 32 4 1 14 3 28 43 6 47 26 22 37 21 34 25 31 27 13 20 33 18 2 45 48 38 42 39 7 19 49 24 5
17 7 1 40 31 35 14 25 21
18 37 10 14 43 47 35 11 16 40 9 42 48 3 49 38 12 6 1 5 27 17 7 25 29 44 30 19 22 24 32 36 31 4 33
19 7 9 38 43 35 36 22 44 3 41 14 39 8 26 17 42 16 33 34 27 24 25 15 2 45 29 13 18 32 6 46 47 4 12 1 28 48 21 40 11 5 30 31 49 37 10
20 10 11 15 49 7 22
21 29 1 42 37 34 18 5 3 28 27 31 20 17 39 33 35 46 22 25 7 48
22 29 48 20 36 13
23 22 34 27 7 10 21 9 47 32 13 43 35 26 31 17 28 18 4 3 11 12 48 5 25 40 15 8 37 36 46 45 16 33 2 6 29 24 20 30 41 42 39
24 34 45 3 6 26 27 37 18 4 44 20 46 21 15 48 19 22 30 49 14 31 2 11 9 5
25 24 47 48 8 27 1 16 45 46 39 13 28 49 36 33 22 42 5 12 43 38 6
26 5 21
27 18 24 46 33 12 2 41 42 45 31 48 1 20 25 30 37 9 13 3 5 10 28 14 8 7 40 43 26 22
28 15 47 48 35
29 41 37 40
30 44 13 8 41 28 15 22 5 39 37 6 33 12 25 35 2 3 7 38 10 1 31 36 17 20 42 21 26 18 46 48 45 49 23 19 27 29 4 43 14 16 32 40
31 43 33 2 45 41 18 5 8 10 12 14 30 44 39 23 20 28 9 6 32 26 15 47 25 38
32 34 10 48 28 41 11 7 49 18 6 29 14 33
33 6 1 4 17 21 29 49 45 37 16 13 5 38 46 31 15 10 26 2 25 18 30 41 19 20 27 44 34 3 8 11 23 24 40 43 48 47 7 35 22 14 12 39 9 28 32 42
34 47 31 43 45 17 23 46 30 13 27 35 3 11 8 38 12 37 10 29 41 42 33 24 28 44 18 20 19
35 33 18 43 47 2 16 31 23 11 49 46 24 7 36 25 1 17 44 32 20 30 14 15 26 21 22
36 30 24 26 48 5 1 35 42 8 37 44 43 3 32 17 18 23 41 49
37 14 9 13 41 45 36 24 29 18 28 12 4 49 42 21 26 46 8 40 15 30 3 7 25 11 10 35 47
38 16 19 17 31 37 14 6 20 30 32 40 26 47 18 13 36 28 5 35 42 4 11 2 39 43 24 44 45 29 48 25 33 27 15 12 46 34 8 22 21 41 9 7 23 1
39 28 41 22 16 3 34 2 45 6 9 29 18 10 48 49 11 47 13 40 8 43 4 31 25 1
40 39 5 19 14 38 29 16 45 13 7 22 21 35 9 4 17 2 3 49 15 32 48 8
41 39 16 37 3 23 42 25 5 33 27 19 22 28 12 36 20 9 13 10 47 34 29 18 45 26 14 46 35 6 48 43 7 15 49 31 8 24 11 2 4 17 1 44 21 40 38 32
42 6 48 25 37 21 33 49 18 28 11 10 9 23 1 29 45 24 17 46 13 26 32 4 35 7 27 15 16 3 43 38 14 47 20 12 31 34 44 8 2 41 40 30 36 39 5 19
43 25 47 28 23 36 1 40 44 41 10 45 32 48 35 20 15 17 8 30 12 18 22 2 42 13 19 21 7 27 5 26 46 14 3 9 29 24 4 31 39 33 38 34 6
44 16 17 39 45 28 27 49 29 9 13 6 41 8 7 35 21 42 5 47 34 25 36 37 1 30 12 20 14 43 46 26 11 38 4 24 23
45 39 37 28 32 27 13 7 41 14 8
46 47 48 9 13 4 38 12 11 2 1 28 34 33 41 20 8 17 36 27 44 43 25 29 45 14 40 26 15 5 21 39 6 19 10 32 31 24 7 30 18 37 3
47 2 37 33 38 21 8 35 31 18 22 5 23 32 1 25 11 34 15 27 6 17 30 46 3 4 48 10 44 13 40 9 29 45
48 10 18 31
49 46 13 16 12 5
