42
1 19 37 41 39 7 8 5 24 30 40 13 12 6 10 21 42 4 38 25 29 31 33 18 28 17 11 14 20
2 22 13 36 7 11 25 40 16 10 42 1 27 14 23 32 17 37 39 35 15 18 21 9 29 31 3 30 5 12 24 26 34 28 8 6 4 19
3 16 22 18 26 1 33 14
4 1 34 7 21 12 40 39 37 17 6 20 2 36 8 19 26 22 14 42 3 29 38 35
5 38 31 26 3 27 9 18 17 37 30 7 19 6 23 41 42 33 25 29 22 4 20 36 39 24 12 32 1 13 2 15 40 10
6 29 25 32 39 2 20 17 22 7 26 10 27 37 13 19 42 3 40 23 31 33 38 41
7 36 25 13 33 10 31 12 9 16 34 19 42 18 2 35 27 3 24 32 21 23 8 14 4 22 26 40 37 38
8 32 3 20 7 38 30 16 40 24 11 33 21 22 5 6 13 31 25 39 41 27 36 17 34 26 23
9 38 12 2 23 34 32 18 29 28 7 22 3 27 16 37 13 20 30 4 24 42 11 31 17 8 21 33 14 1 36
10 15 32 17 25 16 37 28 7 33 9
11 31 20 26 5 35 13 34 32 22 1 9 3 16 7 28
12 2 36 28 30 15 24 32 20 9 11 17
13 6 9 17 23 11 37 41 32 8 21 28 1 4 22 35 25 27 33 3 2 16 18 30 20 26 7 39 42 10 12 40 14 15
14 34 1 20 11 15 12 4 26 8 24 18 30 23 36 28 2 32 31 22 33 7 35 40 42 38 9 5 39
15 41 23 14
16 20 1 13 35 24 28 3 26 36 29 22 2 6 10 5 14 27 32 11 8 17 40 4 12 39 34 23 41 21 7 37 19
17 15 25 22 19 23 11 29 36 6 27 2 40 39 38 31 8 26
18 34 2 40 25 30 17 20 23 8 28 7 6 42
19 30 15 26 21 35 34 2 1 22 6 32 24 36 33 18 20 42
20 34 26
21 35 40 19 22 31 3 26 17 13 28 20 30 14 38 5
22 7 40 17 19 6 14 21 11
23 9 31 32 34 19 29 40 5 39 36 26 33 16 17 21 11 8 42 28 12 13 4 37 20 15 41 18 35 24 1 14 30 22 7 2 6 3 25 10 27
24 8 31 35 20 9 5 22 17 10 27 16 40 19 15 3 37 11 21 26
25 41 21 39 10 20 23 31 36 42 32 4 11 27 17 28 7 24 40 22
26 19 38 3 20 41 36 1 22 5 16 17 30 6 21 24 7 9 2 34 40
27 31 9
28 41 9 24 38 13 20 4 42 26 31 18 15 17 6 14 21 32 10 27 37 33 11 36 12 22 35 25 2
29 41 35 40 25 34 9 5 18 15 1 36 27 39 20 19 16 8 28 11 38 31 3 13 24 4 6 23 10
30 26 6 31 8 1 36 29 22 23 42 39 21 11 41 38 5 27 34 18 24 35 3 9 37 40 25 33 28 17
31 14 29 11 30 19 16 26 17 5 9 24 34 41 25 8 36 37 15 10 7 39 32 33 20 6 21 27 40 42 35 4 3
32 42 23 34 30 37 41 29 33 28 16 9 15 1 10 2 31 7 4
33 17 15 14 11 35 9 38 29 36 24 16 26 19 41 22 12 20 10 4 28 23 6 32 13 40 25 2 21 39 30 34 5 7 3 42 27 8 1
34 13 29 40 7 6 41 1 15 12 11 19 31 20 39 21 27 16 28 38 26 36 30 8 2 24 10 32 23 5
35 38 20
36 26 27 29
37 19 5 2 27
38 32 19 37 1 42 25 26 9 28 6 33
39 3 5 16 40 10 27 33 29 18 22 19 4 41 14 26 35 17 37 36 42 13 24 2 23 30 9 21 12 7 6 38 28 34 20 11 25
40 22 34 27 18 26 20 3 5 37 42 32 25 15 39 24 33 4 12 2 35 11 41 7 29 10 30
41 27 42 5 35 25 34 2 4 15 30 7 14 24 28 17 6 22 19 11 18 31 32 23 39 12 1 8 10 29 37 16 13 21 26 36 20 9
42 36 20 15 37 29 21
