126
1 52 6 54 109 120 118 55 31 61 92 67 3 105 97 88 81 64 41 86 65 115 36 101 46 23 68 25 94 48 8 95 51 14 28 11 110 21 90 30 72 100 103 102 10 71 124 49 4 106 42 85 89 99 18 79 66 77 70 7 69 27 125 78 93 2 107 56 121 37 82 26 33 112 50 19 98 119 20 74 73 63 29 40 104 60 57
2 80 63 31 54 109 41 23 33 86 16 55 114 47 51 61 3 64
3 9 61 21 102 122 84 89 11 103 33 115 100 47 45 39 77 123 58 40 120 109 121 19 99 107 56 51 85 4 32 50 87 79 26 60 86 125 76 8 43 27 90 70 29 106 64 28 81 94 37 6 80 97 110 35 63 54 75 117 62 69 124 52 119 10 65 72 66 59 55 111 14 15
4 120 91 85 107 27 53 106 63 111 99 15 61 114 102 62 93 55 59 75 31 123 78 5 3 73 82 18 54 10 20 74 100 69 32 46 12 33 103 1 112 25 34 125 72 44 109 51 94 121 68 76 65 110 90 122
5 82 13 37 45 75 96 1 53 89 44 84 48 17 65 34 80 29 113 22 74 90 92 93 117 116 114 86 59 21 42 7 122 67 118 31 124 49 68 63 104 71 81 57 95 99 33 38 98 97 101 103 27 115 78 50 79 39 100 83 40 119 105 28 123 102 125 6 87 85 8 32 18 25 36 35 11 2 19 112 88 30 107 94 4 43 54 46 23 77 20 66 76 106 62 56 91 24 55 16 12 70 15 111 47 73 109 14 120 64 110 26 10 9 72 69 3 61 58 108 51 126 41 52 121
6 37 60 65 26 12 74 57 119 73 14 33 48 61 11 70 66 101 56 24 104 93 32 102 124 2 125 115 122 114 29 17 99 98 83
7 73 118 38 51 82 98 78 61 86 52 122 23 80 24 59 120 18 76 84 41 35 111 27 2 22 53 102 108 10 66
8 19 92 14 21 52 6 12 82 54 126 86 124 16 7
9 110 38 102 89 63 19 7 53 84 30 104 24 55 35 91 78 65 95 92 115 52 69 21 119 118 111 31 37 105 86 76 43 120 20 93 13 109 80 28 56 54 22 97 48 72 123 39 61 25 51 66 17 116 125 32 50 44 4 67 108 12 46 36 107 45 59 27 98 40 34 70 74 124 2 114 49 122 26 96 62 16 77 100 75 41 117 126 101 85 82 42 79 18 83 15 90 112 8 58 57 60 121 47 33 6 23 5 11 68 71 3 64 29 94 73 113 106 99 14 103 1
10 71 47 23 20 55 2 46 51 91 36 95 61 17 34 125 52 50 96 7 68 77 39 98 74 8 65 73 117 126 30 69 100 28 29 110 88 18 81 92 80 112 118 12 41 75 60 97 94 62 14 113 54 111 114 79 105 48 90 67 121 120 103 35 119 24 59 32 99 85 43 45 33 107 115 58 82 53 38 40 5 1 11 27 87 104 83 102
11 14 87 10 86 20 8 121 90 104 117 69 59 79 95 85 119 124 16 82 83 63 92 5 26 107 72 27 126
12 64 80 101 42 19 3 77 102 73 23 38 10 17 97 100 120 105 13 8 93 52 33 6 121 71 31 47 125 99 62 26 39 51 41 107 126 27 29 92 69 112
13 105 116 1 119 22 24 79 62 77 16 65 97 101 20 85 33 35 38 93 80 47 104 8 18 3 63 123 90 73 50 59 99 54 2 81 106 71 89 120 125 34 103 107 32 112 29 55 83 9 67 87 60 111 49 118 113 69 126 36 108 74 51 72 21 114 39 117 121 40 37 64 31 7 102 44 5 25 4 58 68 17 115 122 124 30 109 46 43 75 78 66 96 53 84 12 86 26 45 19 61 70 88 48 23
14 59 91 101 18 74 126 10 79 118 5 66 30 122 115 102 96 35 46 104 73 21 116 15 56 23 83 22 123 33 108 75 65 90 111 44 98 3 76 87 36 12 117 34 11 88 50 103 100 51 113 48 125 71 78 99 47 39 27 52 93 32 61 67 68 20 45 53 17 70 112 60 97 92 124 13 94 25 42 2 28 62 24 26 4 7 114 1 106 110 107 81 31 54 77 64 82 63 95 85 40 72 109 37 80 43 86 89 84 105 69 57 49 29 16 38 55 19 58 121 9 8 119 6
15 73 20 121 66 49 74 70 81 45 105 65 101 32 102 103 76 119 111 12 16 58 63 78 42 51 107 28 124 110 92 31 35 44 120 3 25 36 2 62 84 27 48 4 38 54 43 57 5 85 94 115 40 13 117 59 93 87 118 116 22 47 55 123 97 104 26
16 48 39 34 104 86 100 12 82 35 17 57 49 41 88 59 50 81 90 42 62 108 116 69 74 11 107 33 96 126 102 51 5 124 19 53 1 121 14 125 110 65 27 70 77 31 22 37 32 38 114 6 2 71 3 55 67 10 4 66 54 75 60 79 29 106 119 105 80 13 93 64 36 45 78 18 52 84 94 109 56 40 15 83 23 63 61 43
17 31 9 57 29 104 26 112 67
18 37 21 46 9 122 52 103
19 88 76 112 15 3 69 27 31 102 55 7 45 125 16 38 41 79 91 100 47 124 8 56 42 71 78 110 93 99 48 109 37 77 118 6 66 122 94 114 14 25 36 59 86 101 123 108 73 46 62 9 21 32 43 68 39 24 97 17 89 28 63 51
20 99 91 80 7 2 6 3 119 21 87 59 61 100 65 57 62 60 107 123 28 122 118 124 35 10 32 115 40 5 26 52 81 88 111 103 46 15 63 116 102 45 114 125 101 121 92 66 18 90 53 39 79 78 97 112 98 106 1 31 41 43 84 96 48 126 42 72 38 25 19 110 8 70 17 105 85 68 37 34 113 77 74 117 67 58 69 22 27 76 94 33 93 120 4 56 104 89 49 44 29 11 86 36 51 73 108 24 14 30 55 64 16 71 9 75 13 82 54 12 47 83 109 50 23 95
21 4 56 106 90 59 29 65 98 70 47 33 113 84 82 12 55 88 92 72 76 25 91 75 27 73 64 101 63 85 11 31 15 69 40 16 37 8 44 117 58 77 115 99 111 81 74 110 62 28 35 79 46 61 43 112 114 118 109 22 87 119 23 68 54 14 5 100 38 18 39 45 108 10 13 95 104 7 83 71 97 107 123 36 102 32 49 20 17 30 24 6 19 9 42 103 50 121 105
22 53 56 98 86 2 15 68 95 112 14 33 72 54 39 37 69 105 92 62 1 26 3 67 23 101 119 24 46 104 18 11 83 10 50 107 70 16 5 76 41 73 111 126 57 20 125 85 4 51 109 75 89 49 38 99 55 34 35 32 36 115 82 42 81 65 21 100 103 8 30 96 114 113 44 94 88 60 90 91 102 63 79 122 117 43 7 118 78 48 97 87 9 27 120 19 6 66
23 5 65 119 110 53 125 89 95 26 121 120 1 108 68 47 52 79 93 28 58 77 115 75 12 50 80 35 118 90 64 99 57 87 78 59 62 32 106 20 85 55 73 18 113 71 97 42 54 11 15 63 51 21 66 40 37 102 69 19 91 45 9 81 25 82 30 83 112 84 16 61 86 8 72 124 31
24 46 74 75 65 121 16 52 103 112 126 48 84 5 23 12 73 18 63 109 120 59 35 92 95 68 93 89 1 97 30 91 11 79 20 38 87 69 37 55 57 70 26 96 117 100 88 83 32 101 71 104 47 10 14 115 82 6 99 119 4 122 66 102 21 98 15 2 105 107 36 78 110 94 8 64 45 124 25 116 62 60 113 44 56 85 114 3 67 51 58 9 42 17 13 43
25 92 47 23 58 97 64 30 9 12 39 2 105 54 11 43 82 95 81 94 10 3 68 78 70 59 126 106 110 76 73 41 79 91 46 52 8 101 113 115
26 92 37 39 101 30 110 114 77 18 51 75 13 84 91 19 99 31 79 8 81 106 80 118 111 46 15 63
27 97 40 49 96 120 4 72 39 109 71 103 42 1 78 110 33 29 125 31 15 11 69 100 91 123 34 12 126 68 70 53 43 83 59 116 118 19 86 80 52
28 6 39 126 101 23 4 55 29 44 63 17 35 110 69 90 15 62 25 5 123 10 9 125 34 77 65 38 41 122 116 50 3 83 87 31 70 89 43 1 120 121 54 102 36 46 119 52 8 57 11 75 108 76 24 48 86 2 68 67 42 14 26 84 60 66 30 19 92 13 53 124 115 71
29 58 27 36 51 44 110 59 90 24 50 55 23 92 69 57 30 41 80 65 115 97 87 101 95 33 25 60 102 82 10 91 2 118 43 105 8 17 28 89 64 26 79 113 56 120 73 48 46 83 22 74 114 35 126 107 40 15 1 5 3 7 103 52 108 13 37 42 61 6 106 12 9 98
30 66 11 85 115 38 65 48 113 72 41 122
31 124 40 50 85 125 113 107 42 109 4 76 103 10 89 5 48 3 25 17 54 66 33 15 14 72 90 18 1 102 105 120 106 55 34 67 115 59 21 79 74 87 94 37 101 92 121 35 96 64
32 27 98 49 17 89 58 9 33 86 10 66 68 82 42 36 93 73 105 117 41 4 122 37 31 29 125 60
33 40 2 68 85 34 71 18 5 22 6 82 1 109 46 66 17 122 86 19 113 120 98 106 117 64 77 123 70 89 7 9 121 126 42 61 4 72 23 35 110 39 27 21 87
34 8 78 14 90 18 25 41 95 112 120 20 11 110 69 4 38 106 9 10 84 17 121 59 64 56 42 27 45 13 44 5 3 35 54
35 115 113 86 9 52 121 8 50 101 15 47 37 10 2 97 25 55 33 36 18 96 125 69 7 66 30 68 83 41 1 57 110 124 34 108 62 61 112 44 4 119 85 20 107 21 104 14 102 123 19 71 120 77 29 82 48 116 45 17 31 94 75 59 114 46 87 106 63 91 73 126 6 78 5 22 51 56 16 11 54 28 76
36 9 87 93 52 65 69 108 30 94 59 3 19 57 28 111 23 104 107 29 12 33 70 26 66 43 15 124 71 41 100 2 86 75 60 120 101 83 27 91 16 72 73 45 42 109 34 123 51 115 64 103 84 106 77 32 79 68 48 116 82 35 110 31 55 20 62 105 8 44 5 25 121 6 125 80 18 46 112 17 39 14 7 90 98 53 74 76 10 67 49 99 24 58 50 118 38 54 117 102 85 78 88 47 81 40 21 126
37 10 64 39 66 6 56 2 95 41 17 22 104 15 20
38 99 68 43 22 49 52 75 15 1 110 44 51 58 33 102 108 56 46 125 61 70 117 11 64 92 50 94 86 67 115 83 105 59 119
39 21 116 85 18 101 73 74 27 22 35 33 46 44 41 89 12 57 118 99 104 16
40 39 32 72 57 35 63 8 105 121 96 85 69 126 79 118 68 108 110 23 5 78 98 58 99 2 112 47 42 64 84 20 102 61 109 7 104 4 25 86 119 88 38 45 26 81 41 51 91 49 90 76 43 94 3 6 101 111 10 33 9 13 66 54 28 93 31 70 17 22 123 52 50 114 62 97 29 55 124 56 100 73 48 117 27 46 82 60 74 53 89 44 106 16 1 12 83 80 34 92 18 71 120 107 103 19 37 65 115 21 77 14 87
41 43 78 14 46 64 63 27 79 26 110 126 84 103 18 9 42 13 91 17 93 34 76 29 40 87 75 86 66 2 122 109 81 32 88 37 33 82 15 60 92 24 106 72 96 101 121 5 94 68 120 57 59 62 38
42 81 84 93 83 97 47 52 121 59 64 32 29 79 68 30 115 49 114 72 91 113 38 103 100 27 5 96 67 19 105 117 15 40 111 36 21 13 41 120 53 95 51 48 57 23 55 6 12 101 82 14 108 58 35 39 116 125 33 87 76 66 62 71 107
43 35 108 22 61 42 92 83 79 87 109 60 28 46 78 37 99 2 32 76 50
44 74 54 93 65 15 119 75 61 116 4 59 9 37 73 87 98 51 125 76 105 21 62 31 30 81 23 95 86 64 45 8 56 101 102 97 96 88 2 80 36 16 92 40 71 77 27 121 41 11 38 48 91 118 100 42 79 109 34 72 108 123 43 32 29 122 68 60 90 10 66 47 26 19 83 85 13 117 6
45 32 82 55 41 86 118 24 5 64 121 106 4 84 126 77 18 65 60 72 107 109 78 63 13 29 73 90 44 95 85 104 92 39 26 111 46 35 68 103 33 20 10 1 80 27 52 116 105 17 34 112 102 42 58
46 22 52 121 112 63 21 77 15 68 100 91 36 70 1 19 27 47 109 74 114 102 7 34 88 5 115 39 50 92 57 82 96 81 3 79 94 40 69 62 17 65 118 95 85 31 49 10 51 84 8 38 75 45 104 124 64 26 33 24 107 59 99 116 125 58 61 25 43 87 29 101 6 86 48 103 44 108 71 42 117 56 76 90 119 73 35 111 30 97 37 23
47 37 63 44 24 52 69 83 62 46 22 116 40 96 15 68 103 35 23 94 60 38 74 87 13 93 97 89 28 19 78 77 57 110 8 122 81 65 53 95 92 42 106 32 30 75 120 118 41 39 9 20 119 85
48 124 27 50 81 93 61 96 1 58 10 31 23 121 51 89 77 106 63 107 40 66 100 119 125 57 54 21 115 39 44 83 34 78 28 75 18 95 62 92 16 14 87 73 45 35 84 67 19 42 122 104
49 118 32 66 99 72 44 4 107 85 52 91 6 77 98 48 79 9 76 86 110 46 29 84 81 17 57 14 73 20 7 24 122 43 45 53 25 119 94 15 27 109 87 65 88
50 31 28 96 88 59 126 18 92 42 89 75 5 106 118 44 26 60 112 2 6 22 117 27 119 120 29 122 82 66 55 10 49 94 105 47 93 114 41 81 121 39 20
51 18 68 17 101 97 78 122 14 58 88 6 99 55 34 5 53 120 102 108 64 44 4
52 34 31 120 5 62 17 42 10 56 65 63 84 99 32 113 73 98 50 61 123 38 94 45 89 114 11 24 60 64 111 33 37 122 55 109 103 101 117 53 36 93 20 47 12 91 40 29 39 77 102 108 96 107 112 27 58 30 116 23 57 6 59 70 82 124 9 69 119 105 92 106 78 14 13 126 121 25 104 81 66 75 79 16 76 51 46 115 49 125 118 95 87 86 71 2 54 22 1 48 41 74 44 88 100 21 4 18 26 68 110 90
53 120 7 2 29 78 109 110 55 83 103 5 63 22 1 43 97 93 67 3 50 75 45 126 89 58 99 33 116 12 56 70 111 59 121 81
54 48 25 101 23 2 88 42 57 126 53 45 119 123 70 38 112 17 10 71 109 121 44 85 108 77 125 66 97 37 93 24 102 115 41 35 96 95 107 12 13 63 94 100 106 86 79 36 113 51 5 15 16 34 30 4 118 75 8 11 99 20 18 105 49 120 32 87 22 60 111 110 52 83 46 104 90 62 28 78 117 31 3 65 64 21 116 40 29 7 68 56 14 47 103 81 122 76 61 26 73 6 82 33 124 92 58 80 84 89 67 19 72 91 59
55 16 15 117 28
56 99 42 63 28 95 106 79 88 49 113 67 83 12 53 9 10 39 61 105 3 58 91 34 26 119 110 124 90 11 18 2 69 103 60 21 126 89 93 77 120 62 107 94 52 30 92 108 125 64 115 15 112 14 59 122 1 41 66 29 98 100 118 97 37 24 76 47 6 84
57 61 21 9 101 105 69 87 52 106 5 44 32 86 6 116 83 84 27 95 85 115 7 45 93 50 43 11 55 71 8 36 119 16 29 37 60 24 12 30 47 89 56 78 4 28 74 120 70 121 122 42 54 15 102 2 90 3 38 67 72 79 1 22 23 18 58 10 103 117 73 97 75 99 17 109 25 82 40 108 113 14 80 31 63 125 66 114 20 19
58 46 30 65 34 125 98 111 107 37 3 33 123 124 50 80 63 41 92 9 48 89 40 87 75 66 121 21 35 68 6 44 61 106 29 59 15 119 18 103 51 28 57 114 54 96 10 55 102 16 24 112 1 76 20 100 86 108 115 126 47 22 97 116 73 49 88 14 82 93 43 70 31 17 19 39 23 32 113 99 8 45 4 117 12 90 122 118 71 101 27 74 56 64 36 83 104 62 69 25 67 77 79 95 11 2 105 120 60 78 84 109 94 26 85 38 72 5 81
59 6 71 106 121 44 27 20 125 111 52 47 77 45 103 56
60 119 76 7 10 39 46 32 59 87 26 101 62 12 110 104 118 115 3 30 14 92 122 36 16 73 37 108 34 54 43 68 65 45 105 121 107 35 1 85 2 25 123 52 56 125 66 24 91 40 55 28 83 27 13 61 99 89 6 78 9 15
61 42 52 53 121 39 94 51 54 85 27 109 74 99 78 100 44 62 93 91 12 116 90 29 68 79 50 125 67 66 1 92 112 69 55 32 102 103 46 104 25 22 24 57 120 80 35 101 30 107 26 77 106 43 23 11 108 60 3 113 86 2 31 82 16 5 9 98 17 72 41 88 70 63 65 40 14 81 34 13 10 96 117 33 59 7 122 114 47 49 111 64 83 56 115 123 110 37 89 118 71 76 97 21 38 87 84
62 65 113 83 49 16 115 57 63 101 7 119 124 74 22 71 50 59 95 36 3 85 32 68
63 89 100 93 101 104 31 126 56 113 87 116 33 9 125 59 36 109 85 55 79 78 107 120 39 12 54 16 5 42 94 67 8 121 57 47 61 72 69 108 18 11 3 2 86 110 25 23 75 123 37 102 68 111 38 124 114 99 97 60 17 52 34 115 119 15 71 81 58 70 20 53 82 51 48 29 112 74 41 40 62 49 24 19 106 84 26 83
64 124
65 3 32 75 27 10 35 117 124 123 112 33 51 39 23 46 88 94 78 15 115 105 74 111 122 59 100 82 79 106 26 40 67 63 30 68 109 81 95 14 57 50 97 85 18 89 72 98 28
66 106 70 90 83 32 8 99 118 11 109 69 7 119 123 113 67 78 45 51 42 62 124 17 80 86 55 75 44 65 85 53 95 18 102 92 39 3 107 120 49 96 41 64 52 2 5 125 34 31 126 97 108 28 10 60 121 47 1 37 14 58 117 59 26 76 54 12 79 88 9 94 103 38 22 81 71 19 73 24 114 27 6 15 36 98 43 23 33 89 112 122 30 91 29 87 35 84 93 25 16 61 13 111 21 56 115 50 116 20 48 4 72 82 63 110 57 74 46 105 40
67 16 70 15 74 61 38 64 46 123 95 72 107 117 125 9 90 27 55 112 34 7 79 48 26 121 23 10 118 49 13 97 92 25 58 73 106 32 3 40 104 12 119 52 83 85 96 6 75 111 20
68 106 7 23 110 18 92 44 96 76 105 69 119 48 54 66 91 78 26 22 120 113 88 61 118 46
69 109 42 125 4 1 72 3 12 83 60 76 50 21 33 24 86 103 51 89 38 48 111 37 91 98 123 40 32 36 27 90 108 2 95 22 96 55 87 41 49 79 112 73 88 101 45 59 7 120 14 68 47 19 117 35 26 115 114 113 17 53 100 92 58 102 43 110 104 65 82 106 54 25 18 78 64 20 61 63 116 30 67 93 119 75 80 9 5 56 107 66 6 44 39 52 97 85 8 34 29 16 124 81 15 70 23 62 11 121 10
70 63 81 31 79 123 25 16 58 2 107 27 80 55 95 84 98 105 102 119 100 85 61 126 3 97 91 73 5 20 30 47 1 37 56 89 68 54 44 59 7
71 103 21 15 108 73 39 42 109 110 66 46 50 72 65 63 122 5 99 25 74 17 58 51 26 32 114 115 117 53 16
72 107 12 44 73 126 40 84 31 23 47 64 96 109 57 39 102 9 18 100 75 63 101 43 70 119 55 2 105 61 95 111 88 113 77 112 45 52 68 49 118 46 1 58 93 28 108 50 17 59 60 5 76 120 35 22 116 92 36 20 67 122 114 71 86 48 24 41 121 16 98 8 56 81 87 51 89 7 32 85 30 14 90 10 65 79 91 15 6 19 123 54 80 125 97 11 94 115
73 86 89 46 81 27 62 37 116 18 94 98 44 126 96 80 123 112 11 12 75 47 114 23 97 118 59 36 74 43 2 77 42 102 106 19 30 64 70 115 84 63 60 88 40 5 99 55 109 100 110 24 35 90 51 91 103 71 72 105
74 23 37 115 14 86 31 114 75 8 42 41 90 102 121 103 3 65 77 72 48 66 76 100
75 45 110 24 116 20 78 61 41 38 55 58 11 48 29 36 112 42 113 108 66 100 77 37 9 115 50 21 57 64 1 19 47 25 104 96 43 98 71 7 76 82 56 6 103 65 83 81 114 90 93 73 102 86 92 94 5 54 18 40 22 28 32 27 44 35 88 120 126 87 60 118 109 119 105 70 117 85 3 16 39 26 125 59 72 107 52 74 4 30 46 122 31 68 23 13 79 67 62 63 95 111 8 15 91 34 2 123 99 53 84 101 121 69 10 89 51 97
76 25 29 48 27 109 68 96 15 20 67 30 8 46 53 42 59 32
77 6 25 56 45 53 34 81 7 101 12 19 114 107 64 65 71 50 85 88 76 126 40 37 42 96 113 26 97 78 9 49 32 10 54 86 103 98 31 73 66 22 68 36
78 95 118 15 25 29 32 125 121 77 34 7 44 62 4 58 116 38 36 43 104 69 31 61 3 88 67 120 39 102 51 20 42 115 109 76 74 87 106 98 19 105 89 97 5 13 70 75 100 59 9 91 79 18 73 63 122 117 30 45 14 55 64 46 85 21 40 99 10 90 96 11 24 26 41 68 52 72 33 1 28 126 86 113 84 54 53 56 8 80 65 71 48 119 37 94 27 107 111 49 124 93 108 16 57 2 114 123 112 12 110 92 22 101 47 103 82 60 6 23 17 81 66 35 83 50
79 68 112 7 99 87 3 45 90 22 27 119 30 14 17 109 50 43 98 97
80 76 99 12
81 50 48 120 24 111 104 72 86 116 74 5 98 45 17 63 117 121 106 79 83 80 31 82 87 109 59 92 101 56 103 69 57 26 77 34 18 9 37 30 119 84 41 42 28 108 53 25 118 54 43 89 23 75 55 70 78 85 13 7 39 44 22 6 27 29 100 122 3 36 91 12 4 20 97 10 115 95 1 123 114 14 61 99 8 32 19 124 40 73 49 65 88 35 64 58 68 90 94 107 15 105 21 110 16 113 33 46 52 11 125 47 62 96 112
82 71 125 89 57 79 9 126 62 120 117 104 111 14 49 124 39 37 5 122 61 43 45 85 1 31 48 13 105 50 72 94 58 35 88 101 28 32 10 19 27 108 84 42 95 51 41 11 64 80 96 56 34 3 60 121 75 20 53 113 91 115 92 97 47 2 44 116 25 7 46 107 67 76 65 102 4 110 93 119 40 12 118 21 8 15 30 52 29
83 13 59 113 104 74 6 52 44 102 39 26 7 126 117 5 41 114 82 68 62 71 111
84 110 75 4 103 126 19 96 107 83 125 100 112 89 60 29 25 68 106 121 45 17 113 43 92 37 91 116 79 42 48 81 53 6 15 23 105 69 7
85 51 36 1 23 37 119 3 95 89 30 122 61 39 115 94 116 66 22 5 54 73 34 31 104 21 59 41 75 20 52 68 13 107 43 118
86 32 7 121 98 109 59 60 111 106 33 112 52 61 9 88 124 71 6 42 14 25 28 70 95 102 78 40 120 75 29 123 41 21 58 72 107 4 96 114 20 57 22 73 36 44 5 94 79 30 84 16 65 81 82 26 8 77 118 125 66 101
87 46 73 70 63 25 68 71 35 74 47 3 121 7 107 5 16 122 54 21 14 82 69 44 124 28 33 102 15 126 67 72 45 39 32 8 34 24 119 106 75 12 27 116 19 78 49 10 88 99 53 108 4 65 111 84 125 61 113 43 59 85 79 41 76 6 20 37 57 38 51 64 9 103 48 105 22 81 117 18 80 98 104 94 2 120 115 123 58 114 83 101 52 112 60 90 95 93 110 66 100 97 118 55 36 56 62 13 42 89 1 30 96 86 91 11 109 50 40 26 92 77 23
88 41 5 103 11 66 44 96 78 76 79 42 85 10 29 17 58 114 68 40 84 94 59 80 27 106 97 34 8 115 99 13 6 1 16 14 33 86 64 77 69
89 126 33 79 88 102 13 21 111 34 6 93 113 9 12 10 55 119 43 19 83 61 118
90 106 73 65 112 104 11 34 74 111 110 9 68 56 16 3 103 25 35 47 117 58 88 77 92 54 6 52 71 46 108 59 37 66 101 41 19 125 96 120 67 83 115 15 84 105 81 70 28 24 42 29 62 27 86 89 80 72 53 123 64 87 32 51
91 102 5 51 71
92 45 46 49 76 10 122 41 27 89 119 123 28 29 103 80 15 33 75 77 21 121 96 56 23 18 59 37 47 62 116 94 108 115 39 8 113 112 36 20 79 9 51 42 53 50 125 64 61 48 13 58 106 30 84 16 100 68 17 44 32 38 93 120 114 31 90 88 101 4 57
93 40 43 109 62 2 99 22 118 92 81 13 66 16 98 113 125 82 42 11 15 94 14 44 83 32 77 123 41 28 124 24 79 26 76 104 6 89
94 70 121 88 119 123 3 97 105 37 96 93 20 67 27 29 90 28 40 82 32 53 38 15 78 56 99 30 9 89 76 35 12 116 115 83 68 59 103 51 61 122 104 6 58 57 80 63 42 50 95 108 26 13 120 101 85 25 55 107 34 31 102 71 118 45 81 65 41 91 49 16 4 106 79 22 74 125 48 114 112 84 24 1 64 109
95 104 112 96 21 111 2 97 69 70 102 25 75 113 1 46 106 116 20 11 23 37 35 87 18 33 31 10 45 22 49 125 123 50 122 84 72 77 29 67 48 7 5 30 47 62 119 73 66 110 115 81 26 71 6 117 92 121 53 3 54 126 28 56 38 60 80 36 64 12 16 65 85 42 14 99 124 59 55 120 114 100 61 101 63 94 41 57 17 52 8 78 98 27 13 34 108 43 107 58
96 59 32 75 102 7 70 106 73 47 3 100 81 60 114 104 94 44 77 25 86 14 79 87 99 2 58 21 62 69 113 112 117 116 122 115 15 50 82 19 101 85 13 35 57 55 27 51 109 121 34 74 105 37 119 11 26 110 22 125 45 61 17 20 93 23 12 123 68 91 39 120 16 53 98 72 5 29 54 71 33 103 28 38 107 4 31 6 118 92 126 8 40 90 9 46 65 66 10 108 56 36 42 52 49 76 78 111 97 89 1 124 63 67 84 30 43
97 52 70 32 120 46 48 115 27 96 101 40 80 58 64 117 11 36 24 118 35 26 38 21 17 121 90 45 19 79 69 63 41 108 65 112 114 75 61 123 9 54 62 66 125 76 102 6 92 5 14 91 122 83 34 43 126 85 77 104 49 109 2 13 103 8 55 53 119 50 105 100 42 31 72 116 22 99 106 44 93 86 60 25 98 10 4 113 87 20 59 3 30 7 15 56 95 107 57 84 16 39 47 67 33 12 71 78 68
98 103 99 39 89 11 8 58 53 115 32 13 4 26 70 120 19 81 108 111 78 65 34 126 55 85 66 59 68 112 125 67 9 29 3 48 23 74 107 35 84 122 100 42 22 46 27 106 12 2 96 60 1 82 117 54 62 73 105 28 40 38 90 51 7 110 18 88 6 104 64 21 44 93 75 101 52 10 16 37 61 47 77 17 72 25 113 87 95 119 83 24 56 94
99 37 124 11 50 24 65 61 71 80 64 60 123 35 23 1 48 55 18 19 88 125 53 105 95 34 20 85 78 109 8 13 79 121 16 97 52 41 67 47 115 92 96 82 118 40 91 6 26 89 112 29 54 100 33 28 21 57 98 59 43 69 9 75 101 110 76 2 108 102 73 117 45 90
100 86 81 61 57 39 11 93 60 87 50 53 121 74 73 32 18 117 13 10
101 125 112 42 34 50 103 57 53 115 37 100 119 22 18 58 13 64 123 29 99 51 30 9 69 88 72 93 73 122
102 24 18 67 58 57 44 37 81 26 11 121 85 28 10 55 35 118 106 98 17 108 64 99 48 43 34 84 71 1 41 42 74 8 72 111 86 46 39 40 68
103 115 9 50 18 12 38 99 41 46 44 108 120 10 59 2 102 35 42 85 19 96 3 58 43 49 17 32 86 61 28 74 80 8 4 36 105 121 30 81 78 53 64 101 16 106 54 22 29
104 86 45 119 33 85 42 25 101 64 18 23 90 75 99 100 57 28 71 115 32 50 10 107 37 105 47 109 15 84 81 95 52 108 22 26 24 29 122 60 27 92 19 80 6 69 112 34 73 76 54 11 77 49 62 78 58 56 55 38 30 12 70 79 31 1 117 17 91 7 120 4 125 21 63 118 114 102 74 98 40 72 9 48 61 43 36 65 20 82 39 88 110 35 106 44 87 66 59 51 16 3
105 106 83 35 126 72 77 53 109 7 16 19 73 79 24 108 69 59 36 4 116 10 67 125 121 76 91 28 82 124 49 68 86 30 87 103 38 107 5 25 39 9 65 81 90 120 33 50 37 1 85 43 80 54 84 3 31 89 21 102 46 119 71 100 20 97 47 56 63 74 92 45 2 57 29 96 23 88 14 123 70 118 11 66 101 12 17 40 115 6 26
106 15 112 31 126 81 44 27 78 119 94 77 73 114 1 40 61 100 64 7 91 62 89 5 84 42 53 11 123 47 56 29 36 74 50 52 111 9 97 105 63 14 12 67 65 18 115 104 71 24 69 90 101 19 113 13 87 30 37 28 48 98 107 20 35 39 99 59 108 41 51 60 103 72 54 46 80 118 22 45 32 121 88 21 26 4 49 2 125 75 124 92 109 34 8
107 51 84 50 24 87 123 26 65 85 49 113 78 66 15 70 2 100 114 34 90 1 21 102 18 74 47 86 38 112 23 104 81 54 91 22 75 94 76 61 48 36 5 71 62 122 116 105 95 99 56 124 64 35 17 4 43 10 96 77 89 42 121 103 92 13 44 52 79 118 16 109 110 12 55 68 8 115 88 73 97 7 72 59 32 20 80 111 126 11 27 119 82 31 14 3 6 30 45 37 29 67 98 19
108 93 110 120 32 86 78 14 102 124 48 72 41 95 34 89 27 83 18 81 61 67 23 106 40 15 56 44 58 119 47 25 76 88 7 30 96 118 104 105 54 51 28 37 115 116 6 49 35 94 97 55 3 45 46 24 113 87 99 21 66 60 31 68 101 112 100 42 121 33 17 62 29 1 10 39 71 36 11 107 98 69 20
109 52 104 76 39 29 108 16 85 12 119 23 120 71 54 8 110 75 82 5 98 46 18 64 62 115 13 118 87 25 78 32 113 80 35 61 2 83 114 79 4 101 45 40 14 42 1 97 50 86 112 121 90 94 111 49 11 69 24 68 34 65 15 21 9 106 28 56 17 81 41 19 99 58 107 84 89 3 122 72 7 124 126 125 66 43 38 10 100 73 102 44 92
110 14 4 32 61 88 102 50 106 27 124 66 21 89 111 19 63 97 103 39 24 96 122 7 13 116 22 114 46 98 53 92 80 69 26 29 71 31 33 10 105 72 62 6 74 68 56 40 112 119 121 36 57 30 107 86 113 109 49 85 9 5 3 51 58 45 93 99 123 95 77 67 78 17 120 83 23 28 73 1 84 79 34 16 41 90 52 15 47 18 43 126 48 76 37 11 2 117 64 91 115 75 54 104 44 55 38 8 94 59 101 100 87 35 82 60 125 70 12 42 25
111 40 107 3 36 89 22 32 77 92 80 102 56 42 126 96 52 8 121 39 86 26 98 50 33 49 25 85 93 112 62 124 97 90 74 23 109 10 20 117 94 48 123 106 15 45 120 47 87 37 21 118 70 16 7 71 115 79 31 19 84 9 4 100 58 65 104 113 41 69 82 76
112 20 65 60 2 63 1 126 89 119 24 5 116 102 43 16 13 4 70 62 76 104 49 73 77 106 37 41 90 61 47 26 82 18 98 117 114 23 109 124 50 69 91 54 10 94 74 103 84 67 39 31 100 83 99 38 121 25 56 35 75 52 7 46 3 87 96 6 36 123 101 51 33 40 53 125 58 34 113 21 78 80 17 93 86 55 44 110 59 66 48 108 64 111 8 12 32 120 97 57 122
113 98 114 21 35 118 49 76 85 59 111 47 26 63 87 80 92 22 95 57 71 42 96 29 116 100 36 66 5 94 93 25 68
114 18 58 20 125 66 85 91 11 59 62 77 13 74 28 25 70 93 32 107 118 39 81 73 1 40 84 82 79 105 76 46 112 69 43 2 61 65 90 92 121 12
115 49 42 26 125 89 95 110 65 53 121 58 54 90 106 43 67 7 79 38 11 88 6 107 9 55 100 50 82 71 94 92 15 72 70 59 60 44 8 41 124 17 101 75 81 104 10 74 108 93 12 91 24 3 46 83 87 5 48 28
116 14 65 4 103 101 79 21 72 44 71 55 51 123 112 74 15 24 50 104 11 22 108 89 70 61 38 110 120 18 126 29 114 42 96 99 122 121 12 60 7 1 16 48 76 81 13 109 3 91 94 45 92 52 27 53 90 86 73 97 95 43 36 26 39 83 80 54 113 46
117 94 50 14 78 23 45 62 123 28 79 100 82 13 29 73 99 89
118 77 79 85 15 22 121 67 103 7 93 14 106 110 126 25 83 72 105 119 33 68 32 81 63 57 60 62 9 71 98 74 102 51 75 107 86 80 5 120 47 61 28 64 39 91 45 29 95 111 11 2 31 40 55 59 76 30 27 58 115 117 112 34 44 84 73 53 52 122 8 18 104 108 21 38 6 124 20 50 65 42 113 4 35
119 48 34 17 101 109 68 93 53 113 87 89 38 24 29 105 42 5 31 72 57 47 2 49 58 3 98 66 126 70 99 107 7 28 80 108 122 46 86 88 64 52 41 112 40 102 74 71 21 124 95 106 10 14 85 51 44 120 15 32 79 84 92 19 6 30 73 13 59 77 123 91 22 115 12 125 63 82 117 76 69 9 20 26 27 61 75
120 41 89 87 93 96 88 2 25 43 70 80 125 98 108 15 56 19 50 124 116 26 92 3 29 66 59 53 45 5 85 31 115 101 33 42 9 36 100 48 27 69 91 65 99 47 73 10 49 123 44 16 68 121 109 126 17 11 37 107 82 97 60 78 24 102 35 119 58 39 105 23 32 4 61 64 122 106 84 79 13 94 110 67 12 55 77 95 51 74 22 117 57 103 112 113 118 14 18 71 63 90 54 76 8 28 20 83 104 21 72 62 111 30 81 38
121 69 51 3 109 91 95 65 15 102 41 50 98 114 36 16 32 118 34 76 103 78 6 55 5 59 81 63 44 72 100
122 54 82 42 25 9 7 20 93 30 41 121 63 74 15 53 43 56 105 38 52 107 70 79 84 65 18 36 35 85 26 69 66 109 101 86 72
123 15 78 109 111 73 66 7 117 34 2 38 51 76 31 83 43 121 91 88 24 93 122 96 95 30 99 52 60 97 56 29 89 53 5 42 46 37 86 125 100 18 16 35 81 69 124 55 107 72 36 64 120 84 1 65 62 9 27 45 12 10 116 126 119 61 114 23 87 102 80 19 106 13 14 47 3 8 82 67 32 6
124 30 96 32 11 25 110 117 107 78 28 45 13 119 112 73 40 87 26 64 41 55 42 104 121 60 106 23 15 122 99 35 49 92 65 39 62 7 81 9 36 91 66 102 4 24 5 105 27 70 83 85 38 69 125 6 93 61 59 50 72 48 46 88 34 29 37 113 52 18 58 118 108 100 12 80 109 33 16 51 86 54 3 43 2 116 101 44 98 76 114 31 126 68 84 77 90 17 95 14 19 8 123 67 94 21 71 79 1
125 84 83 22 40 107 111 20 12 11 70 64 29 26 34 100 45 122 94 74 2 81 63 117 27 116 124 36 6 28 44 56 96 5 39 1 50 115 46 112 89 52 110 59 71 86 93 10 79 101 126 7 42 62 18 65 57 53 75 99 102 114 88 3 119 47 120 9 15 14 121 31 35 90 17 43 33 73 97 58 24 95 92 37 21 80 85 60 66 61 68 48 32 91 4 76 25 118 13 77 8 82 55 16 51 123 78 49 103 106 23 67 30 69 41 109 113 72 87 98
126 44 72 62 11 24 107 88 25 79 106 92 36 40 100 39 30 64 120 53 103 58 104 76 78 8 84 101 89 15 56 115 61 14 80 85 32 45 111 69 59 65 71 1 35 63 4 67 117 74 22 105 37 12 5 57 7 41 29 26 43 28 75 46 110 3 95 123 99 87 6 83 90 77 70 109 68 9 114 10 52 98 51 20 18 96 82 19 2 54 119 21 94 118 23 48 50 38 108 17 16 113 81 13 97 47 124
