112
1 72 79 112 85 16 22 106 59 71 28 89 81 26 111 84 56 15 110 108 40 90 73 3
2 12 96 99 20 108 30 36 58 98 75 45 86 67 106 74 6 64 15 72 100 23 13 112 37 25 26 111 105 41 80 3 9 71 85 40 33 10 82 66 62 87 94 101 65 102 63 52 22 1 21 60 4 56 35 19 103 109 79 5 57 61 7 69 14 11 54 93 16 104 83 51 97 49 92 89 81 42 68 34 43 53 39
3 108 5 27 86 100 32 109 97 56 11 23 80 38 110 25 41 72 17 10 24 48 70 37 57 63 68 34 112 71 76 103 13 67
4 68 70 81 3 2 62 31 96 35 43 64 29 39 72 75 110 53 67 16 1 32 5 50 88 49 34 77 108 111 100 105 78 57 85 47 14 37 7 66 101 26 11 71 54 106 15 93 59 30 24 58 65 51 18 13 44 84 12 109 95 27 98 73 9 48 38 36 90 23 40 28 76 97 25 22 74 55 91 45 61 56 46 86 19 82 69 6 42 102 80 63 92 21 103 41 8 83 52 60 17
5 35 95 90 71 74 108 80 47 57 6 31 78 91 13 62 61 83 49 21 11 56 101 1 25 28 34 102 85 53 97 67 66 14 54 84 32 4 3 103 12 86 69 24 105 106 33 98 92 51 96 82 40 36 68 58 111 73 18 64 8 39 46 70 42 55 59 72 30 29 81 10 107 41 22 17 93 88 44 9
6 3 86 63 1 61
7 110 63 21 8 60 52 49 93 51 15 106 34 107 111 91 101 69 48 42 26 92 109 14 36 64 80 61 25 46 72 95 100 84 59 94 103 112 11 41 87 40 58 16 105 88 79 82 33 83 53 30 104 89 38 45 10 71 56 27 19 81 29 76 2 47 108 9 62 23 18 32 98 54 37 68 55 1 44 31 13 66 67 39 90 35 99 97 6 86 50 28 74 65 78 102 85 12 17 20 22 70 73 3 75 43 4 5 77 57
8 101 107 31 47 11 16 21 29 1 3 51 48 25 94 53 63 45 71 28 34 19 100 15 2 20 7 42 72 18 95 35 4 6 61 75 50 83 69 76 24 99 96 54 60 78 37 91 82 26 102 86 97 77 67 103 56 108 9 81 49 12 5 87 80 93 39 85 22 55 111 88 64 104 13 105 44 59 27 62
9 108 11 13 97 6 8 15 75 18 90 51 45 58 40 54 53 42 28 80 87 91 50 16 86 81 31 5 71 102 111 33 76 105 84 77 101 1 4 21 74 36 66 82 68 94 41 92 99 64 38 12 104 85 10 43 26 30 100 83 56 34 49 98 109 65 19 23 3 103 14 57 112 44 22 67 47 55 63 35 24 72 46 96 79 59
10 47 83 9 95 70 37 92 76 3 64 57 69 86 62 66 45 25 65 102 40 11 97 81 36 105 12 32 89 18 41 84 22 19 93 1 96 24 17 104 75 49 39 99 77 4 46 21 68 38 33 85 67 74 15 94
11 57 70 71 110 6 77 81 83 22 99 111 15 46 41 4 38 86 12 72 49 87 43 9 60 28 78 58 82 68 37
12 40 84 5 83 98 4 53 64 20 99 97 37 34 63 101 81 30 79 43 78 109 89 74 67 18 6 112 36 75 88 60
13 41 1 101 46 23 9 51 100 97 24 36 12 21 75 89 10 8 73 59 54 5 79 32 95 92 38 57 60 69 64 53 94 22 78 28 49 65 96 25 39 16 48 66 90 40 80
14 62 6 22 43 2 11 16 110 66 1 95 90 106 30 87 86 58
15 36 91 26 86 89 56 96 47 49 58 6 59 11 25 1 99 70 76 68 8 53 106 63
16 97 72 69 91 30 89 57 9 21 86 110 15 42 112 3 29 11 68 56 90 4 38 87 51 96 63 102 50 101 78 36 103 46 25 24 54 26 22 104 45 47 7 106 98 61 81 20 49 43 74 83 80 105 53 64 31 76 92 12 108 67 107 66 100 85
17 112 110 92 62 15 86 5 13 95 94 50 38 3 78 37 75 72 65 100 83 29 61 49 21 11 84 10 87 104 69 8 41 44 48 2 74 106 36 42 39 98 40 33 71 43 66 85 4 97 59 19 99 31 88 28 26 77 12 63 27 57 80 81 73 9 24 30 55 25 53 6 67 82 91 34 76
18 10
19 78 93 23 75 107 47 64 73 55 74 53 103 1 100 63 48 38 72 66 62 109 29 89 104 43 15 96 85 51 76 42 34 88 10
20 64 52 102 47 92 46 71 44 69 17 90 78 26 43 63 50 37 21 110 7 45 61 109 54 87 12 30 23 79 85 101 38 84 112 25 24 89 6 72 111 39 32 51 108 103 83 49 11 104 19 62 100 13 14 4 65 76 53 42 58 48 88 10 96 3 99 34 107 97 18 95 40 35 59 2 41 86 106 27 16 56 74 66 36 80 1 98 73 55 33 105 91 75 8
21 12 11 45 106 59 9 91 84 5 46 64 78 83 110 109 82 100 13 35 98 23 60 97 43 2 69 14 50 102 104 79 41 33 67 24 19 93 99 26 54 56 55 28 70 40 61 89 68 71 16 36 75 88 101 48 72 34 77 1 42 58 3 37 47 80 62 66 20 44 96 73 105 32 63 7 15 4 49 94 86 92 52 90 108 38
22 12 15 85 72 55 66 78 57 41 65 27 84 9 68 109 58 110 83 89 104 76 29 102 74 94 73 105 44 111 71 36 97 99 91 19 50 16 53 39 61 4 23 59 43 26 5 98 38 13 45 81 10 18 77
23 107 45 43
24 63 7 44 53 16 79 109 57 101 39 76 65 19 77 103 30 55 10 106 29 80 60 8 22 71 108
25 23 88 67 101 81 55 7 16 64 71 27 87 93 112 43 37 4 109 49 3 91 2 74 17 40 39 32 111 58 15 97 6 29 48 95 82 72 75 41 18 46 80 36 108 22 104 110 107 76 59 70 57 66 28 86 106 45 10 8 31 1 21 100 47 34 77 65 20 24 79 103 68 69 12 9 51 99 96 50 38 53 19 13 92 30 84 62 90 102 85 44 56 94 78 52 61 42 11 98 60 89 63 54 26 73
26 1 67 73 32 23 98 36 4 85 88 24 104 25 91 50 29 100 11 64 28 72 90 14 79 106 42 61 12 18 39 13 43 83 20 17 16 80 93 5 68 58 62 3 59 96 109 15 81 27 35 69 55 56 65 45 2 87 41 47 78 57 110 77 76 108 89 102 7
27 5 25 59 104 73 52 88 96 26 65 21 103 23 48 77 92 17 4 95 64 76 94 69 51 62 54 19 40 18 86 6 99 89 12 3 49 109 28 8 60 100 39 44 15 55 108 20 46
28 87 68 90 20 100 109 107 10 34 92 60 104 15 26 1 76 4 63 8 81 71 89 35 27 82 33 45 44 54 62 70 23 72 59 5 50 46 31 21 101 11 64 97 93 58 73 75 18 111 66 6 16 39 36 74 99 47 17 2 106 102 110 25 86 22 9 85 94 14 105 96 40 79 108 69 24 12 13 19 83 53 55 65 91 49 78 7 67 84 51 88 43 57 56 32 103 38 80
29 63 68
30 35 43 39 16 19
31 91 30
32 85 79 43 80 63 90 64 3 17 52 110 44 46 105 7 42 41 15 49 4 22 24 77 93 67 30 108 10 61 5 1 82 6 100 65 91 92 59 40 86 56 50 70 48 9 112 33 66 28 19 14 96 72 97 27 89 87 8 81 60 18 99 31 83 106 88 98 36 37 101 2 104 35 39 16 21 58 23 107 95 75 53 109 94 69 29 62 73 57 78 51 25 54 26 76 11 111 71 34 45 13
33 90 50 56 20 15 101 47 79 51 104 28 111 22 39 103 41 81 11 1 53 29 14 106 37 21 31 48 108 63 36 40 3 71 17 80 18 102 87 100 82 61 110 84 32 77 44 54 74 75 73 66 72 107 59 7 4 35 98 5 27 34 69 99 9 52 68 105 94 109 65 57 46 58 70 25
34 82 2 88 50 71 63 8 74 47 4 56 83 28 57 62 66 84 107 67 29 20 51 44 59 27 36 81 95 35 69 80 96 13 30 12 15 92 54 64 60 42 94 53 73 10 110 87 26 22 37 14 112 98 23 33 78 11 31 105 100 97 19 9 111 86 48 38 52 55 32 72 75 17 61 49 70 7 16 6 91 24 93 104 45 68 3 5 1 89 43 76 79 41 58 109 46 99 21 77 90 101
35 9 67 103 24 3 25 11 34 112 75 77 107 32 15 26 8 72 37 17 74 63 39 53 50 82 18 70 6 14 71 57 66 90 79 47 23 29 33 68
36 33 75 100 52 78 15 89 84 112
37 7 89 93 50 31 100 70 9 29 110 90 27 35 79 41 25 71 24 11 57 99 2 36 26 60 22 19 20 47 32 103 40 6 46 69 8 64 12 81 15 96 78 18 85 52 48 44 55 88 97 65 109 86 73 45 74 10 38 102 105 16 66 108 42 68 92 28 14
38 96 92 108 98 5 56 63 58 40 49 30 41 90 25 61 67 65 111 31 55 87 43 77 72 37 50 23 82 64 66 60 59 78 103 85 94 17 46 93 70 7 42 39 28 79 36 6 73 99 88 32 14 69 91 76 13 10 54 19 102 101 104 45 21 105 112 100 26 48 110 74 62 53 12 4 109 44 97 51 68 83 27 24 80 34 86 35 3 81 75 71 2 107 29 57
39 7 16 78 28 56 101 68 29 57 55 105 102 25 98 8 58 13 37 19 38 47 95 72 49 23
40 80 36 91 10 58 50 13 54 68 3 78 7 34 82 67 109 15 8 70 110 56 61 95 90 23 44 88 27 62 48 97 33 19 51 71 87 14 57 32 92 24 65 76 99 12 6 94 5 100 43 75 41 108 20 66 26 45 53 84 73 59 64 89 16 29 63 72 31 79 49 22 112 37 35 107 30 101 28 86 39 93 106 47 103 2 60 17 1 55 9 96 85 4 98 25 102 83 46 77
41 31 17 58 53 105
42 28 62 9 14 110 30 93 112 40 35 66 96 109 11 55 78 45 83 5 54 100 24 51 7 103 8 6 63 2 107 99 76 49 37 87 34 98 64 56 48 32 105 21 72 57 19 95 53 97 41 39
43 84 57
44 16 46 40 103 52 32 71 110 38 99 36 108 23 19 64 90 39 107 21 88 20 80 104 75 12 89 1 60 59 48 43 72 87 42 92 14 28 24 111 31 2 7 17 69 53 62 26 68 81 70 66 97 96 109 79 25 5 4 30 100 27 8 56 82 93 13 47 102 11 95 94 112 67 77 41 10 76 73 37 101 58 57 91 98 29 49 45 51 85 50
45 39 31 70 16 57 96 109 25 83 76 63 1 94 8 2 50 48 74 73 99 86 42 101 28 4 87 88 3 110 34 9 93 55 37 67 71 30 27 36 65 61 102 92 84 21 43 106 104 81 51 59 78 107 6 91 97 26 58 85 22
46 65 42 73 21 95 89 58 8 97 61 101 15 98 29 12 100 78 108 1 92 6 70 76 34 17 30 60 59 57 40 5 20 47 90 64 38 82 87 48 86 112 28 91 25 2 84 44 13 9 19 24 50 106 81 4 66 49 72 11 63 88 32 22 54 96 37 36 45 14 110 93 56 39 74 77 43 80 71 102 67 85 35
47 9 51 84 75 94 76 36 111 18 71 96 31 17 53 28 66 95 2 77 105 79 27 21 4 46 43 92 20 87 5 26 64 99 25 112 93 58 34 40 32 42 44 62 108 81 57 14 6 97 70 37 100 49 68 63 1 98 19 74 90 54 69 109 52 110 102 104 7 72 65 16 38 101 78 23 73 86 80 29 48 55 13 88 35 12 30 45 56 106 8 22 10 82 24 15 67 103 3 107 61 11 39 33 91
48 18 37 95 91 58 70 109 6 97 94 104 67 87 102 36 110 25 19 38
49 75 99 4 86 71 90 48 38 72 50 12 42 106 74 46 109 69 30 47 98 10 91 16 88 62 77 111 53 82 79 5 59 22 94 66 3 80 57 36 84 31 41 8 43 83 104 37 100 26 60 13 65 17 96 102 29 73 110 87
50 77 30 57 54 39 7 18 43 4 89 95 103 37 32 102 83 75 8 38 110 73 68 25 65 52 109 99 108 28 53 64 78 107 42 5 63 92 61 27 40 97 85 70 94 48 1 9 104 82 17 88 26 100 21 62 105 49 10 19 15 36 56 11 87 6 33 44 51 60 96 34 93 67 106 71 13 12 90 46 22 59 79 31 35 98 112 14 24 66 16 41 2 3 23 101
51 62 89 46 94 87 109 30 2 4 49 96 97 41 91 25 44 24 37
52 48 74 35 39 99 93 112 32 5 24 73 25 27 87 103 43 110 72 51 63 33 66 40 79 36 57 26 37 23 106 100 58 61 68 21 76 83 89 53 18 69 62
53 77 55 49 98 10 57 38 106 74 69 3 29 2 68 32 30 36 110 31 7 48 15 95 28 92 112 70 43 62 24 5 22 101 18 80 108 27 90 44 86 102 35 82 100 66 42 60 103 105 67 107 75 59 54 81 97 9 111 85 17 41 45 12 20 56 64 94 109 84
54 66 63 14 32 92 7 21 16 106 87 67 69 42 90 79 59 5 6 20 47 80 100 22 76 93 109 74 12 84 98 71 101 89 110 28 53 35 65 55 95 82 9 38 50 103 49 61 94 17 40 99 85
55 5 34 81 8 19 80 47 98
56 7 93 81 80 25 40 87 91 78
57 66 22 64 61 81 69 21 32 1
58 52 9 61 55 43 40 105 19 32 18 80 73 5 92 28 27 89 66 47 97 6 35 17 78 81 104 53 111 29 112 4 68 24 88 15 33 8 77 96 57 2 46 50 12 36 109 107 44 54 76 34 110 31 48 64 49 16 65 3 10 90 79 38 20 60 7 59 69 23 62 22 95 84 87 1 56 75 37 108 71 103 11 51 67 42 13
59 75 105 104 21 111 16 95 64 46 28 40 68 45 12 22 14 96 112 20 48 88 108 60 26 24 38 17 15 9 25 84 57 36 66 73 34 65 30 97 7 53 102 94 8 4 93 79 5 39 71 10 50 56 41 37 3 49 2 89 103 6 63 99 19 76 1 100 72 85 83 61 35
60 8 16 62 64 68 1 86 73 69 46 23 37 58 25 53 66 106 67 99 13 70 52 80 41 104 102 79 24 107 63 44 6 30 57 31 74 18 38 42 39 19 14 109 101 33 47 10 3 11 103 84 59 76 50 65 105 34 49 54 5 20 110 83 35 87 93 90 48 96 4 88 71 29 15 22 36 94 95 108 32 81 61 85 77 43 55 89 28 75 21 26 100 12 112 72 17 40 2 51 82 111 91 78 9 97 27 98 56
61 24 3 17 85 6 103 41 65 52 102 50 76 8 27 20 83 56 79 11 29 67 64 35 40 15 62 100 55 49 31 87 23 38 82 92 104 13 5 93 71 45 12 46
62 95 12
63 4 7 1 66 110 78 59 73 40 3 105 111 74 30 31 99 48 84 9 14 46 72 98 27 65 24 64 20 80 23 106 5 51 35 109 50 19 76 53 96 92 42 77 94 61 11 112 25 101 26 90 41 100 68 95 60 54 55 75 108 38 28 6 2 43 91 87 93 83 107 81 49 58 102 56 29 18 52 47 57 33 44 62 12 21 10 88
64 22 73 49 95 4 7 58 15 69 6 30 35 107 111 85 32 68 82 62 25 90 87 1 41 74 14 29 19 3 65 71 59 50 16 33 76 54 102 39 5 13 61 77 84 100 42 83 75 9 53 97 31 66 52 80 20
65 112 71 3 83 18 88 15 93 92 78 29 37 16 77 41 102 98 13 105 79 74 1 26 45 69 11 9 76 21 73 33 97 95 89 70 61 30 12 101 106 50 64 35 22 20 4 27 75 57 84 103 43 51 111 31 52 96 72 99 48 54 2 63 81 7 42 17 67 94 108 58 59 23 60
66 87 59 17 34 99 81 58 104 55 10 24 52 44 76 54 75 111 12 112 62 79 84 61 50 18 13 6 1 51 29 68 2 56 78 23 93 72 46 108 107 89 25 21 41 40 102 11 92
67 83 21 96 82 60 93 49 100 97 86 26 53 73 112 89 51 99 47 5 109 1 59 34 102 52 19 64 11 61 31 9 108 39 76 22 42 13 70 27 77 54 79 68 4 98 71 30 44 106 90 25 85 104 6 91 16 14 28 7 56 10 12 40 107 55 81 80 24 63 20 75 87 35 23 95 36 66 78 57 2 3 62 111 105 18 72 74 32 38 41 103 8 101 92 58 43 33 15 29 37 88
68 7 38 82 17 52 74 58 107 4
69 53 105 92 33 14 89 51 64 56 58 30 63 71 79 6 40 49 38 86
70 19 75 20 59 90 105 112 27 102 2 36 99 95 98 45 30 61 79 104 91 56 92 14 1 86 43 83 52 16 40 108 87 25 48 81 57 67 66 76 33 22 96 97 84 82 103 15 24
71 7 77 32 8 69 91 9 102 62 5 107 70 44 78 97 88 84 20 89 106 68 45 35 110 98 65 61 55 4 31 67 76 49 21 58 15 16 90 47 10 29 11 13 6 92 26 17 64 42 99 53 75 36 38 27 83 25 74 100 19 85 80 93 43 101 96 66 59 46 23 73 28 105 40 63 1 50 48 87 72 95 3 57 81 94 51 54 34 104 39 22 112 30 37 79 52 14 12 2 33 103 109 82 18 24 41 86 56 60 108 111
72 13 45 50 12 55 92 23 39 109 33 62 40 76 31 43 77 110 41 47 19 112 87 34 48 101 27 26 80 100 15 28 20 94 8 32 21 25 35 95 24 111 29 5 63 18 4 37 10 73 58 84 16 79 44 86 2 103 54 104 9 71 56 106 30 75 98 11 7 81 42 69 60 85 70 61 36 49 46 1 6 64 82 105 38 3 89 107 102
73 33 54 50 86 88 48 5 43 71 59
74 31 43 23 99 21 107 104 22 64 106 67 79
75 109 8 22 96 74 27 73 13 16 83 55 101 89 94
76 62 38 81 1 93 83 54 60 34 84 13 26 110 14 86 58 67 46 3 12 59 43 4 8 88 64 31 7 92 82 61 63 91 70 49 16 80 95 15 30 40 89 71 57 11 18 100 21 56 52 104 24 51 102 77 41 98 99 44 74 75 73 17 72 109 19 103 35 96 97 29 105 9 53 65 45 36 90 55 37 28 106 6 107 33 32 39 79 108 27 5 10 23 66 42 25 68 94 78 48
77 27 34 84 63 76 7 68 83 31 17 69 56 16 112 102 82 41 62 45 46 14 19 5 18 103 95 86 52 47 106 88 8 33 71 57 38 60 6 51 79 89 91 72 23 73 36 111 61 93 53 11 37 105 40 97
78 71 57 20 31 4 56 13 55 89 86 53 6 33 24 104 97 25 76 91 50 54 43 103 77 107 8 110
79 105 36 16 50 65 101 77 96 66 22 82 4 67
80 47 8 14 77 100 92 3 58 46 105 37 81 83 79 11 7 33 19 66 28 106 26 24 88 90 6 12 45 89 104 27 10 102
81 76 13 31 75 72 25 105 4 96 106 87 103 55 84 79 102 67 8 29 73 101 99 39 20 53 30 41 44 24 88 109 9 91 86 19 18 6 68 49 23 85 107 38 77 10 16 32 110 63 74 80 28 78 2 65 5 83 93 47 34 35 58 1 54 89 36 98
82 58 25 37 3 70 81 99 67 18 74 83 76 98 84 91 95 35 1 44 32 69 54 43 21 36 51 22 101 97 45 102 72 111 50 55 78 93 5 39 10 48 65 4 73 40 61 86 11 41 87 59 92 16 30 20 26 57 23 64 49 71 79 104 47 42 12 60 24 15 109 46 6 8 107 63 106 90 38 112 66 77 33 96 13 28 7 2 108 56 68 85 110 27 14 94
83 7 10 60 97 29 94 102 87 72 63 75 5 76 57 90 38 4 108 8 110 13 71 96 9 62 41 65 79 26 100 33 59 24 84 14 89 46 23 69 112 55 103 21 73 99 67 95 15 98 54 37 28 93 74 82 52 78 111 81 50 92 45 12 104 3 51 77 40 86 43 31 48 101 35 56 106 85 6 80 61 36 64 20 70 66 32 44 88 49 68 109 11 107 105 30 58 19 1 16 18 25 39 34 27 22 47 42 53 17 91
84 23 98 7 96 43 36 35 12 51 52 72 87 76 60 44 104 3
85 19 100 37 16 60 55 57 52 94 66 24 73 96 35 64 103 33 108 1 27 15 6 46 80 12 56 14 81 4 43 44 41 31 29 42 28 78 98 25 68 2 61 62
86 51 85 37 11 73 97 53 9 41 23 70 5 50 109 56 20 45 103 61 69 68 94 72 91 43 89 65
87 55 6 57 26 11 31 19 35 51 64 50 48 104 22 84 30 21 39 111 86 97 27 13 12 60 108 3 2 75 79 71 76 59 72 81 107 1 33 4 106 85 83 77 101 102 95 43 68 38 36 74 82
88 94 92 68 74 18 95 60 19 12 96 50 93 3 109 25 87 64
89 77 35 24 66 32 73 96 50 54 11 92 33 3 94 68 108 58 8 80 34 15 16 30 87 17 61 46 64 7 27 23 57 74 85 69 36 110 43 99 25 95 31 13 1 42 38 101 4 49 76 26 37 45 105 72 83 19 65 6 29 75 10 56 22 82 100 14 81 78 71 51 21 41 102 112 52 67 62 53 63 97 9 84 2 104 88 98 48 107 39 5 70 40 59
90 81 42 52 15 78 47 67 93 8 11 37 76 51 60 100 75 33 35 89 77 70 65 59 69 56 46 12 110 23 58 31 36 43 19 71 49 30 18 96 66 10 101 84 45 104 5 1 28 39 62 92 80 25 6 91 103 16 38 107 73 97 24 40 85 99
91 97 72 7 98 49 9 31 103 79 81 3 26 18 11 14 66 32 89 17 48 20 86 25 99 94 92 36 108 56 61 53 80 51 52 6 111 96 112 29 88 41 19 109 73 38 16 12 28 84 87 57 27 64 77 110 8 95 50 1 65 105 13 100 70 83 40 63 68 78 35 102 69 43 5 54 22 55 74 101 21 23 107 30 58 104 33 90 93 82 60 76 67 45 59 42 85 10 39 24 75 106 71 15 44 47 4 46
92 76 57 28 46 26 2 49 104 33 64 112 78 75 56 85 39 62 45 30 27 63 72 38 10 11 94 98 86 61 35 20 6 60 103 3 80 36 53 19 89 111 84 22 58 43 8 66 106 25 68 100 44 87 55 81 37
93 83 112 54 75 61 60 34 98 37 58 74 47 30 46 6 99 101 13 90 23 100 87 82 97 40 70 84 65 9 5 91 102 3 16 28 110 92 96 88 15 95 39 59 4 81 107 111 79 35 18 78 66 45 27 29 24 80 108 33 32 76 1 52 109 42 25 19 51 73 103 41 69 77 26 17 86 55 10 85 67
94 42 3 35 89 23 8 112 73 32 80 71 17 1 41 48 18 64 14 19 24 74 99 85 84 109 25 111 4 26 79 27 76 55 59 11 28 69 96 33 65 78 70 21 53 20 13 106 40 92
95 52 82 15 5 26 18 107 30 13 62 37 46 31 28 106 45
96 53 58 91 81 52 109 93 87 76 14 90 85 7 101 4 57 49 36 64 23 74 78 18 51 17 9 15 40 73 98 50 47 111 41 6 84 82 22 86 43 30 75 103 89 54 19 32 28 1 2 63 68 31 79 77 3 83 88 61 60 25 55 46 29 62 97 8 33 34 100 70 108 112 26 92 56 104 102 59 66 16 67 95 13 39 27 24 105 107 10 11 94 65 99 110 72 48 38 106 20 80 5 21 12 35 71 42
97 51 7 111 25 44 86 66 90 27 60 38 79 88 58 20 76 81 17 48 8 40 85 15 43 5 9 36 46 63 70 30 74 3 73 96 42 56 50 52 39 41 2 80 69 99 98 112 82 72 104 37 34 93 19 35 103 1 77 13 108 12 78 29 62 47 84 83 4 94 65 55 107 109 106 59 105
98 20 33 19 24 56 110 108 10 17 72 4 7 41 46 87 15 44 34 112 31 85 97 43 5 51 14 73 49 2 16 13 105 29 107 53 109 65 11 60
99 95 13 42 10 40 22 100 48 28 62 27 85 9 34 3 20 47 104 70 6 4 43 19 80 57 89 41 88 63 77 23 110 17 107 94 44 108 101 12 38 56 102 50 32 8 35 60 11 39 81 103 37 82 109 111 53 5 36 45 91 112 46 30 16 75 64 2 14 72 51 49 93 105 26 78 33 86 83 24 15 61 71 90 76 1 87 98 73 74 59 65 84
100 76 103 21 34 44 57 41 9 70 72 20 101 108 28 1 77 94 89 49 51 65 26 64 42 92 13 8 46 81 110 19 53 63 23 87 85 106 90 71 105 111 36 40 97 88 91 48 47 73 78 79 80 82 29 24 96 56 43 61 102 11 18 4 35 99 31 75 15 37 12 38 68 17 14 74 16 54 2 7 86 104 62
101 44 104 96 15 60 35 22 47 33 46 1 105 37 70 2 34 100 89 55 90 29 64 24 19 36 81 57 85 106 14 99 80 73 18 94 107 72 76 56 28 110 98 50 59 10 21 102 69 25 20 43 30 7 87 16 41 67 52 82 62 27 53 61 83 84 74 31 63 86 66 79 92 38 58 103 39 6 5 11 9 51 17 12 75 8 49 26 109 3 71 91 40 78
102 96 3 101 38 28 48 84 109 26 25 33 4 7 83 65 44 8 69 55 11 106
103 3 51 30 97 49 5 36 50 39 32 26 20 65 15 19 109 8 53 93 66 87 76 18 80 91 44 46 33 110 95 52 92 71 42 111 16 81 72 34 99 77 38 58 4 17 96 12 11 112 60 25 101 29 40 85 14 106 31 22 104 24 9 83 59 108 47 78 82 13 23
104 13 59 95 32 69 100 91 49 17 5 34 41 98 65 97 72 108 112 70 67 57 76 66 64 110 35 22 82 43 63 36 48 55 39 77 73 58 54 60 89 18 102 75 51 106 19 29 2 109 96 71 79 80 92 83 111 8 1 105 45 9 93 88 50 30 11 84 23 38 21 94 74 28 31 47
105 14 19 32 76 69 89 37 38 1 112 17 73 58 31 104 75 34 5 48 42 77 18 8 72 46 27 88 39 54 16 43 2 85 86 25 56 108 3 63 59 78 66 13 53 109 10 102 82 55 80 79
106 109 103 41 55 54 51
107 13 7 11 4 28 104 101 108 91 100 2 102 5 85 95 66 82 30 41 86 48 15 20 93 110 16 53 19 80 78 57 63 72 99 79 105 50 46 47 112 29 3 31 61 8 27 12 103 51 74 62
108 57 71 35 94 47 70 104 89 109 72 26 103 106 77 17 4 102 5 54 76 99 68 82 44 50 107 90 42 88 19 78 23 20 37 25 15 41 22 34 16 66 10 93 46 95 8 38 24 97 43 28 39 62 40 11 101 86 3 55 111 79 48 49 110 1 2 27 98 18 32 91 61 83 31 112 29 53 65 67 96 60 33 92 87 75 14 7 51 81 21 30 6 73
109 37 19 25 82 27 18 91 5 65 104 43 4 52 1 47 97 39 67 55 24 35 23 58 99 36 110 103 3 41 78 49 61 8 12 98 11 96 46 10 76 84 70 68 108 86 20 2 79 38 64 112 26 62 21 71 15 102 9 111 17 31 32 90 88 100 66 72 75 54 14 59 94 42 6 93 83 105 48 33 95 77 57 60 80 56 13 101 34 63 53 45 74 16 40
110 96 54 47 100 82 60 65 12 9 38 64 70 66 1 87 27 40 102 77 61 46 85 17 75 20 16 106 78 19 105 32 107 86 81 94 34 8 108 95 76 72 62 89 63 71 24 53 41 48 21 104 91 35 50 49 7 39 26 25 22 52 31 33 15 5 51 88 10 43 11 4 84 36 44 97 67 28 56 68 80
111 53 108 33 102 35 85 13 21 82 5 28 99 17 22 29 24 54 112 2 4 12 101 62 75 38 106 95 78 37 104 90 49 39 94 42 51 3 7 79 71 59 97 96 107 25 69 41 72 26 63 91 9 16 66 83 77 84 60 18 20 47 6 32 46 11 80 44 57 40 98 73 74 10 36 48 56 14 87 31 19 93 103 92 86 34 64 89 68 110 23 8 58 43 105 61 76 100 27 15 30 1
112 110 100 14 28 62
