77
1 49 12 60 63 14 56 72 8 57 23 28 66 38 16 15 7 30 58 67 4 13 75 20 53 43 45 9
2 27 26 6 20 73 11 64 39 8 25 3 31 16 32 50 57 70 13 47 34
3 37 24 65 67 72 68 23 13 27 57 10 2 19 66 76 64 48 38 53 6 46 54 28 69 32 17 41 60 31 43 47 25 71 22 8 14 36 4 16 18 63 21 5 61 77 49 58 26 74 34 73 33 45 75 40 56 7 39 1 11 62 20 44 42 15 50 70 52 29 35 51 59
4 15 25 3
5 56 63 23 45 35 52 66 31 34 10 53 55 48 6 27 41 60 71 20 75 12 72 24 69 74 15 13 1 36 11 21 73 57 28 42 4 76 64 67 65 2 16 40 50 47 51 18 33 14 25 17 61 29 46 70 30 54 77 9
6 32 26 77 4 39 7 34 57 35 67 54 31 8 5 49 25 37 30 65 1 23 53 70 20 28 51 18 76
7 13 26 62 69 68 35 55 25 57 17 37 22 10 50 44 14 24 49 12
8 62 2 30 59 72 35 55 46 19 45 61 63 58 3 71 21 50 9 75 10 47 60 15 40 65
9 72 10 30 59 37 7 25 77 54 52 19 5 29 69 70 50 21 55 23 16 18 26 6 20 13 68 28 65 53 61 8 51 17 73 62 32 35 31 60 47 40 27 71 63 24
10 71 56 34 23 26 53 59 63 67 49 11 1 60 7 72 44 20
11 66 55 35 39 52 68 6 36 38 74 44 20 40 42 12 19 65 56 73 1 59 33 25 69 41 28 51 61 23 58 29 48 21 76 45 2 53 5 50 10 71
12 51 63 13 60 18 67 23 37 38 71 69 30 40 65 5 22 4 43 74 62 1 50 42 41 3 20 52 57 35
13 64 7
14 75 10 11 69 35 67 51 13 19 65 50 33 8 27 73 40 46 22 68 49 25 47
15 66 50 26 57 23 77 62 47 4 27 19 13 61 63 73 17 34 38 45 67 40 10 32 33 39 20 36 1 24 51 58 41 48 52 29 12 8 18 75 9 37 64 6 5 43 3 59 72 2 35 7 53 74 49 70 31 42 44 54 14 28 55 11 22 71 68 46 21 65
16 22 13 37 75 56 27 33 59 48 10 1 73 23 32 2 28 65 17 12 24 30 35 18 5 15 21 26 44 9 77 19 58 50 36 72 49 6 8 54 47 74 40 60 76 62 63 31 43 3 69 14 57 46 4 25 64 61 71 66 41 34 70 52 38 68 51 20
17 52 57 65 76 19 31 29 61 64 53 12 67 30 43 56 47 74 13 32 1 69 9 28 75 7 15 77 73 27 20 72 25 46 58
18 56 68 51 19 4 44 67 47 2 65 5 53 27 23 63 39 1 46 38 70 21 20 13 76 25 42 34 52 33 74 58 64 32 31 61 59 37 10 41 69 72 36 7 62 57
19 45 60 12 53 61 41 5 25 76 10 77 55 33 20 16 50 22 30 17 54 27 21 52 23 38 39 18 15 24 32 63 11 28 56 36
20 71 50 73 55 47 36 6 37 43 54 60 8 44 28 3 70 10 7 15 40 57 16 56 52 76 49 35 46 38 41 62 23 68 66 22 65 5 19 42 29 4 32 72 25 11 53 9 48 12 51 14 30 58 33 77 61 67 75 69 21
21 63 58 18 52 4 73 68 35 3 16 66 69 34 5 75 72 47
22 17 77 29 53 69 6 52 32 25 54 43
23 10 3 1 43 56 77 57 48 32 22 37 14 38 65 64 18 31 45 12 5 49 66 40 25 54 24 47 55 69 33 27 20 68
24 22 7 39 59 11 62 43 48 75 28 49 61 72 56 16 25 35 32 26 20 77 63 74 3 23 27 42 1 19 34 18 53 68 37 54 52 55 38 36 8 30 12 14 71 33 10 69 15 31 17 21
25 12 59 11 50 2 32 73 58 27 43 61 41 57 8 20 70 38 39 56 46 13 47 22 6 62 64 69 65 45 72 15 63 60 54 21 26 76 31 9 3 29 17 30
26 63 75 8 10 53 12 54 6 56 77 74 29 3 5 16 41 11 30 68 35 27 69 1 71 67 17 46 18 70 47 7 62 65 45 60 44 4 48 42 76 73 13 64 23 2 19 49 28 58
27 46 47 48 16 19 69 31 8 60 18 54 17 14 33 41 61 67 23 43 45 70 3 10 57 44 24 15 37 50 55 6 36 40 53 72 66 1 29 4 2 39 11 77 49 26 12 51 63 76 75 22 58
28 62 5 23 41 26 22 60 18 77 6 64 8 58 73 51 3 34 7 68 75 35 30 20 74 17 43 15 50 72 59 12 55 63 67 44 53 10 69 65 37 21 9 71 46 11 14 66 2
29 73 37 60 28 30 14 68 12 2 43 15 4 9 35 41 16 51 31 44 18 40 69 54 8 59 23 20 39 27 48 58 77 36 75 71 10 61 53 1 55
30 26 34 35 44 39 4 40 69 20 25 37 60 52 2 58 17 62 43 51 14 67 41 13 15 53 12 59 32 64 47 42 73 61 1 11 28 75 19 50 27 29 63 74 66 45 21 49 7 8 9
31 62 57 36 11 59 26 74 63 69 49 18 34 30 58 3 61 60 37 6 41 21 1 73 32 76 14 75 4 40 43 17 22 15 71 13 68 9 45 27 55 67 2 20 52 23 70 10 44 46 72 8 28 25 51 35 47 16 39 64
32 71 7 12 18 50 75 51 54
33 56 37 44 20 30 23 27 75 64 6 36 16 69 3 15 42 12 45 43 14 2 34 58 48 38 13 74 46 53 62 61 31 9 11 4 40 66 57 8 65 73 55 22 41 21 49 19 1 28 67 18 10 17 77 72 52
34 27 41 60 71 74 23 22 6 72 26 20 52 76 67 73 59 46 53 14 63 11 77 10 9 25 56 75 17 55 69 38 7 65 58 43 66 49 61 68 5 44 29 3 21 2 35 54 45 62 30 24 48 28
35 41 62 60 77 53 76 64 61 57 12 6 33 71 42 67 69 32 29 34 2 16 15 38 56 43 58 28 37 74 52
36 13 54 69 26 39 51 23 11 10 72 76 31 6 16 34 49 74 52 20 70 17 62 29 35 68 7 47 19 59 43 37 32 60 41 71 12 50 3 55 21 66 2 1 9 58 25 44 65 5 4 67 63 61 30 33 28 57 77 40 27 64 42 46 15 53 38 48 8 18 24 45 14 73 56 75 22
37 8 51 16 48 17 46 22 14 29 74 3 21 5 39 15 71 76 11 33 73 35 20 36 31 12 49 38 27 54 58 60 1 57 19 25 2 34 40 61 66 77 10 41 47 68 52 32 75 24 55 67 63 65 28 69 53 45 70 7 43 4 23 62 13 59 64 6 72 56 26 50 18 44 9 42 30
38 67 34 43 8 77 40 74 47 2 73 75 72 23 11 33 44 39 60 71 49 54
39 2 23 70 66 12 14 10 67 11 38 22 41 15 45 61 56 6 34 73 59 36 47 72 74 3 24 75 43 52 60 28 16 42 58 55 65 37 32 5 68 33 64 44 48 17 29 25 4 8 7 77 63 54 76 62 19 1 27 51 21 18 69 35 26 57 53 31 13 9 20 30 71 40 46
40 37 12 66 42 50 31 58 17 74 38 13 29 48 71 36 76 33 67 46 18 68 16 3 34 21 55 4 52 62 57 41 1 39 9 6 26 54 11 59 14 8 23 69 47 73 35 61 24 32
41 39 67 70 14 8 50 28 76 32 37 17 47 24 66 63 12 21 61 2 9 6 68 75 54 34 30 25 71 69 46 53 26 49 29 10
42 17 51 27 10 58 70 61 57 23 38 26 66 30 59 46 35 71 18 8 48 16 60 6 2 24 54 72 55 43 50 64 15 19 12 4 44 53 47 41 25 37 74 68 34 75 77 5 73 32 62 22 40 49 56 76 52 11 65 14 45 31 36 1
43 77 67 12 19 52 69 25 4 15 28 14 8 76 51 47 13 34
44 35 24 27 59 58 29 41 2 10 60 19 4 32 70 74 48 28 49 54 42 57 15 65 67 13 38 69 56 66 50 18 75 61 71 30 20
45 69 35 55
46 61 10 40 18 66 75 70 23 39 15 69 13 64 65 45 73 5 11 53 17 48 72 16 26 30 32 54 12 62 55 19 25 60 68 9 74 38 42 3 56 35 63 67 28 71 77 2
47 72 24 45 21 59 39 63 25 65 74 27 3 58 16 20 62 60 29 33 71 61 6 26 17 77 49 73 48 64 4 46 51 5 8 50 57
48 42 39 67 34 27 74 53 41 54 46 23 49 26 57 75 40 47 63 16 1 15 68 25 76 8 38 66 35 11 70 9 62 56 50 6 71 4 2 69 45 73 22 44 30 65 24 17 58 5 37 19 59 31 33 21 60 77 29 10 32 28 13 7 18 64 20
49 27 66 58 46 22 52 65 73 7 11 20 59 77 13 39 29 75 44 10 30 38 43 67 34 28 71 54 69 70 64 76 63 12 31 51 61 3 74 21 48 53 26 37 24 32 18 4 19 45 1 2 6 50 68 47 15 57 8 40 33 55 72 41 42 36 16 14 9 60 62 17 5
50 34 19 63 18 68 54 13 70 62 76 32 10 27 43 75 1 37 28 49 15 48 71 8 9 4 22 72 51 53 67 61 65 33 12 36 41 66 59 73 5 21 57 77 25 7 42 52 64 11 23 47 31 35 45 20 17 29 2 74 55 38 56 30 60
51 31 77 58 17 74 71 48 43 34 9 37 29 68 36 47 3 38 66 28 20 63 23 50 40 44 33 11 27 19 22 39 56 69 26 5 25 7 64 72 18 16 70 6 60 14 52 21 53 41 4 30 13 73 59 75 12 1 67 65 35 55 8 15 49 76 45 32 54 10 42
52 1 16 29 69 23 57 35 60 73 53 38 9 40 55 43 65 62 54 39 77 15 27 64 13 66 26 58 70 47
53 33 59 65 75 63 4 6 17 31 43 16 51 21 34 30 38 1 3 70 48 69 18 60 52 25 77 29 66 56 54 22 74 68 45 57 26 72 15 71 40 76 28 2 23 37 7 24 27 9 49 20 39 36 62 61 10 64 58 8 55 73 14 19 32 13 11 35 46 41 12 5
54 74 56 14 47 57 70 65 12 4 38 20 48 3 1 71 58 55 13 8 77 44 52 61
55 35 53 34 49 26 25 21 41 3 9 27 1 10 24 33 46 50 52 14 45 12 6 37 75 31 69 8 63 40 65 36 32 71 56 64 19 66 74 20 7 29 73 62 18 58
56 43 17 15 36 22 28 51 16 75 5 57 73 38 77 25 52 49 65 18 47 21 20 62 71 27
57 26 11 56 3 67 61 34 29 74 21 59 19 66 41 52 37 14 53 71 24 62 58 23 5 50 25 42 22 15 38 2 65 27 12 45 31 73 70 1 4 49 7 20 77 9 54 44 68 6 33 47 69 63 36 75 55 30 35 13 18 46 48 32 28 40 72 43 76 10 39 17
58 25 66 32 3 41 13 6 48 45 49 73 67 11 8 2 68 18 34 59 53 5 54 52 12 36 30 38 65 28 14 47 63 20 37 75 77 71 74 62 50 51 72 44 69 7 23 22 16 19 26 76 4 39 24
59 33 23 62 42 29 15 18 66 7 34 50
60 47 48 41 29 39 40 8 66 1 43 27 14 10 3 50 37 42 33 15 56 74 75 62 77 22 9 5 32 35 19 23 49 30 65 7 73 71 36 26 69 11 25 59 67 12 70 24 20 17 64 54 44 68 63 21 52 57 4 53
61 51 70 8 10 68 28 59 22 77 34 3 43 67 4 62 74 1 35 9 2 56 57 72 64 13 48 44 42 26 27 49 37 31 66 12 18 53 25 17 7 14 11 19 65 21 55 33 69 45 47 73 40 39 24 6 54 15 60
62 51 13 76 61 12 48
63 34 56 41 75 69 70 42 31 4 23 25 9 55 57 21 44 17 67 71 47 33 1 51 62 54 37
64 50 18 76 51 44 65 43 12 14 29 52 40 25 24 72 63 15 58 34 75 38 16 11 62 6 22 30 17 2 42 37 1 74 49 41 73 61 3 59 26 39 48 57 45 70 8 66 68 9 20 36 31 69 7 77 32 23 67 5 27 4 71 19 47 60 35 55 13 46 53 54 28 33 10
65 18 7 71 22 60 32 69 67 21 16 5 59 63 41 53 48 9 77 11 30 37 45 52 66 61
66 70 71 22 56 12 40 32 21 60 35 29 59 34 65 44 42 9 3 38 28 63 37 64 61 31 6 68 16 50 4 57 67 36 26 25 1 24 55
67 54 21 60 46 33 12 27 52 50 4 26 49 44 11 61 34 14 68 40 30 24 48 42 20 31 59 23 45 19 75 69 18 17 70 63 55 65 47 74 66 51 64 16 25 5 6 72 9 13 73 35 22 58 7 39 8 15 3 28 62 10 41 1 2 53
68 26 50 43 39 36 72 49
69 22 20 59 30 7 48 41 71 53 64 35 18 72 23 15 6 60 46 42 68 67 12 63 62 55 17 32 44 3 26 24
70 34 14 39 11 9 27 61 64 31 63 69 17 75 22 25 38 35 71 66 57 41 37 44 5 1 32 47 52 59 67 24 26 29 36 46 55 20 76 7 51 73 42 16
71 48 74 8 3 45 43 67 30 26 5 47 25 57 63 20 62 36 66 9 11 46 1 31 73 21 44 72 58
72 12 44 73 77 23 59 46 76 55 25 7 19 52 62 56 41 2 36 68 47 48 15 18 13 24 31 49 16 37 26 32 66 64 38 54 29 4 53 61 70 30 75 10 34 58 14 21 50 17 33 35 22 27 71 39 20
73 44 66 45 47 9 75 14 35 53 30 29 19 39 18 51 15 31 10 55 28 5 3 63 59 12 46 23 71 65 56 52 62 68 21 7 77 49 34 67
74 5 21 11 77 29 28 32 22 15 44 20 45 31 51 53 58 64 26 2 23 40 24 66 41 13 54 10 55 49 36 39 63 6 59 3 65 42 30 7 27 4 71 38 35 1 52 47 73
75 41 57 63 34 73 52 13 53 39 40 35 19 25 58 27 3 23 26 45 71 5 12 10 7 20 14 24 8 64 4 28 31 43 61 48 38 36 60 70 15 44 22 50 11 21 68 65 56 42 72 1 76
76 37 1 49 13 52 51 75 77 19 39 67 68 25 47 14 11 71 44 7 4 60 62 69 12 72 64 2 40 53 42 59 57 56 55
77 14 17 54 4 23 73 41 46 60 75 10 9 47 43 65 12 5 27 50 29 11 62 72 59 24 45 18 55 53 26 35 16 28 3 74 70 7 20 13 49 38 30 51 1 6 22 66 42 40 44 8 15 25 21 52 36 2 57 48 67 69 19 63 32 71 76 33 31 37 56 39 34 68 58 64 61
