70
1 45 61 60 33 15 49 31 69 3 14 5 24 52 2 43 41 67 13 27 26 59 58 55 22 18 62 64 50 48 9 37 11 7 66 4 70 10 12 34 16 8 36 44 6 20 32 17 23 53 63 40 19 30 68 65 39 51
2 56 16 22 25 70 48 10 43 58 6 59 52 68 57 35 44 64 24 19 18 65 61 53
3 37 2 25 27 21 41 53 36 5 32 42 52 15 13 61 46 4 49 60 18 66 65 57 31 8 69
4 31 9 42 7 15 21 27 35 26 70 24 43 29 46 64 34 56 14 39 44 49 36 1 40 47 50 11 13 37
5 19 11 64 32 42 8 22 3 18 38 52 44 41 51 70 50 10 40 59 26 65 54 1 53 61 17 29 14 24 49 6 12 34 67 21 25 43 58 48 47 7 27 62 68 37
6 29 43 16 31 60 20 64 42 15
7 46 44 48 29 19 53 40 32 70 37 15 58 5 12 36 54 49 1 52 34 59 20 11 33 27 26 3 68 57 23 22 39 16 10 25 63 35 38 67 8 51 45 47 61 64 30 9 24 17 55 28 2 62 14 50 6 4 60 56 66
8 52 50 63 49 5 48 70 54 66 13 44 2 16 59 69 47 20 12 43 45 27 34 9 3 32 37 53 38 1 19 21 65 28 67 7 64 31
9 69 16 34 48 57 2 18 64 31 35 65 13 63 47 42 20 30 33 46 53 17 52 7 28 37 21 70 6 39 25 67 27 12 26 3 4 59 14 23 68
10 36 35 48 33 58 51 25 50 20 53 34 63 69 22 23 45 70 44 41 47 57 46 13 3 14 52 7 19 29 24 56 1 60 8 42 16 12 39 68 31 55 64 37 2 21 54 49 28 65 18 66 61 67 43 5 17 11 59 30 38 32
11 26 70 23 24 66 30 68 21 8 44 32 58 5 25 17 51 50 7 60 48 61 41 53 42 6 35 29 33 39 40 12 3 57 16 27 18 54 28 56 20 46 65 49 63 47 67 22 64 36 45 52 62 59 2 34 69
12 55 61 1 25 66 50 51 14 41 64 60 45 23 11 30 32 27 21 2 6 19 46 17 26 18 10 63 43 53 40 29 38 36 33 28 65
13 27 63 60 28 9 35 8 42 3 18 37 19 20 52 56 4 29 33 50 68 38 61 23 25 24 43 6 32 12 62 48 40 31 2 46 14
14 13 42 32 45 8 20 68 63 12 36
15 6 5 19 31 52 30 35 1 14 66 47 51 59 42 13 50 67 65 21 60 46 55 26 37 10 41
16 21 40 17 5 19 25 26 4 32 56 54 46 68 12 49 22 36 53 8 70 62 60 38 30 9 15 3 44 37
17 63 24 30 25 42 19 29 26 34 43 55
18 17 55 44 32 45 56 62 42 1 28 22 7 33 38 34 36 4 68 53 54 69 29 24 58 39 10 14 41 15 27 67 50 12 40 60 5 49 70 23 30 2 11 19 3 48 35 52 6 9 13 59 57 64 46 21 65 26 66 25
19 62 29 67 56 66 65 3 21 22 61 59 26 60 17 27 10 20 46 41 4 37 6 38 51 64 48 23 54 53 8 18 9 13 14 31 12 70
20 68 10 5 48 29 44
21 20 2 55 24 31 5 3 19 59 43 47 11 36 64 42 23 63 35 46 28 69 65 60 14 67 56 33 13 51 34 70 27 58 49 26 17
22 57 4 15 1 39 17 7 69 63 25 35 66 6 55 23 20 54 28 36 51 59 61 47
23 15 13 16 64 56 53 69 19 4 63 22 33 40
24 28 17 33 53 64 67 21 13 10 61 51 39 25 68 9 69 7 8 36
25 2 41 56 55 4 22 48 70 6 31 27
26 1 36 65 69 16 27 38 52 10 14 48 34 23 43 11 70 63 33 64 32 54 68 37 15 41 7 8 60 3 17 39 13 62
27 67 17 54 30 2 63 35 60 15 52 49 8 64 1 18 14 16 10 41 25 65 66 70 57 6 11 45 62 36 69 39
28 24 32 69 26 48 10 68 18 65 23 64 67 60 31 27 39 34 57 19 55 22 63 15 62 8 52 41 5 7 58 54 1 59 2 3 29 9 35 14 30 21
29 3 53 42 14 2 10 39 63 19 44 58 20 15 37 22 28 11 16 67 27 66 24 62 8 43 4 56 51 18 32 1 61 40 47 69 70 64 21 48 17 46 30 6 9
30 57 63 21 32 43 69 42
31 34 11 57 30 26 48 25 1 68 2 3 17 55 44 9 35 4 62 50 70 64 8 32 12 36 69 24 67 18 39 59 10 37 46 65 63 14 60 19 40 20 13 28 41 27 7 52 15 53 66 29 22 54 56 23 49 5 42 33 6 47 58 16 21 38 51 61
32 63 14 8 46 36 28 66 22 64 53 41 52 48 19 7 30 60 57 44 49 51 24 58 70 10 65 40 18 56 4 15 47 38 6 17 68 16 43 3 42 54 13 39 1 5 55 50 62 31 26 21 2 61
33 70 13 50 39 68 20 49 63 41 35 46 30 51 47 28 43 45 6 22 10 66 15 11 57 9 44 23 42 8 27 55
34 57 70 37 16 7 64 36 19 69 15 14 5 46 8 29 53 60 62 58 30 61 56 59 25 17 21 28 44 9 27
35 50 19 31 66 29 45 59 5 23 39 14 7 52 1 51 22 17 6 55 28 48 27 44 13 53
36 15 7 2 54 65
37 33 17 60 2 53 4 19 48 56 64 45 18 29 24 26 32 70 65 20 9 27 57 50 36 5 30 54 34 14 61 63 15 23 68 35 69 3 1 47 41 46 13 52 43 55 10 28 25
38 41 36 35
39 8 4 12 46 19 40 53 68 50 63 52 27 38 41 10 32 55 42 28 26 6 9 14 66 34 1 3 13 31 35 65 67 37 51 25 16 20 57 48 59 24 62 30 11 36 45 22 21 61 18 43 70 47 2 5 69 54 60 49 7 17
40 14 53 12 38 59 58
41 10 66 52 29 36 11
42 9
43 5 45 14 46 32 67 21 30 33 28 23 65 48 26 56 25 55 59 39 68 7 11 62 31 66 15 40 29 4 42 58 69 27 38 57 12 49 16 70 13 44 60 20 24 6 9 2 10 3 64 61 34
44 23 45 68 48 31 19 67 40 17 57 6 10 59 12 18 38 49 25 60 2 9 42 64 43
45 67 63 19 32 30 26
46 48 64 45 52 12 42 30 32 70 23 53 33 35 66 39 40 63 54 65 3 10 43 31 11 36 25 28 19 51 5 68 56 1 50 69 61
47 44 61 1 15
48 5 41 27 53 61 24 33 40 46 30 34 42 12
49 56 6 34 7 25 54 62 30 16 47 12 28 68 55 10 69 66 11 22 4 19 21 38 17 35 26 41 32 37 52 3 48 2 63 42 59 15 51 40 44 61 67 58 5 20 60 1 50 18
50 27 26 70 43 39 9
51 5 38 30 20 7 58 69 34 15 64 55 8 48 57 56 62 32 46 24 53 23 43 40 2 45 4 61 41 35 21 47 60 33 42 14 29 44 11 65 17 31 59 52
52 50 63 60 29 16 51 36 56 23 10 24 58 41 21 18 64 49 12 8 33 55 25 45 14 46 47 66 35 62 67 26 30 9 65 6 28 61 70 4 37 1 32 40 2 69 13 48 27 57 17 44
53 49 20 21 29 18 69 70 12 60 58 65 62 61 56 54 34
54 31 53 41 29 3 58 16 50 15 55 38 69 24 21 33 23 70 27 64 66 40 37 12 8 34 62 5 65 46 60 10 26 20 4 48 30 56 67 57 1 42 43 7 19 52 25 13 11 51 35 49 68 2 39 6 61 59 44 47
55 44 22 41 18 31 24 30 13 50 60 12 15 63 14 47 42 57 54 52 4 32 58 10 3 38 59 61 11 23 49 69 27 56 21 33 68 16 19 36 34 40 66 2 7 5 25 48 8 70 20 17 43 39 62 26 64 37 6 46
56 12 60 57 64 49 7 1 20 13 16 66 62 35 37 43 69 55 46 70 30 26 2 36 34 18 11 6 54 47 29 41 8 22 5 24 68 39 65 14 17 52 27 25 58 61 44 67 3 31 59 51 19 40 23 21 45 38 4 28 15 33 63 50 42 9 32 48 10
57 11 51 42 36 32 41 59 1 37 25 2 21 20 33 14 9 53 29 56 49 19 38 66 5 28 39 34 46 60 58 16 40 63 61 13 65 70 48 6 68 31 47 26 30 54 22 35 64 17 8 52 10
58 66 36 27 45 30 51 32 56 6 13 8 39 44 55 43 49 47 54 3 5 69 60 4 19 24 48 7 18 41 33 62 42 1 21 46 63 59 64 31 9 50 61 34 10 11 38 35 15 17 2 68 25 23 29 12 65 26 52 70 20 57 16 22 53 28 40 37 14 67
59 11 56 3 58 9 10 50 35 17 60 47 51 15 21 48 2 70 4 67 28 42 34 14 6 32 13 49 27 24 12
60 23 67 65 50 39 9 3 64 53 15 45 11
61 10 52 19 16 43
62 42 38 63 69 3 13 46 49 45 30 34 51 18 27 41 66 33 5 31 28 53 54 16 19 67 17 55 8 2 50 23 12 1 15 11 61 58 43 6 36 29 21 9 68 48 22
63 64 58 10 15 1 27 11 36 40 54 24 67
64 31 23 30 15 45 68 63 70 8 24 20 17 67 18 36 32 59 25 27 52 5 49 54 51 33 55 66 42 50 14 40 38 28 13 46 3 19 4 60 58 22
65 54 10 4 29 20 24 46 43 64 49 38 70 42 45 27 50 35 14 52 19 5 33 34 44 7 3 66 32 2 39 51 6 9 59 58 55 16 69 48 53 18 13 31 56 8 37 26 17 60
66 44 2 6 30 14 60 43 42 10 48 8 13 50 39 32 53 25 21 58 17 51 61 31 33 34 52 40 16 35 38 27 9 26 37 12 70 24 45 64 20 56 59 28 3 63 29
67 35 50 52 18 39 69 47 29 61 65 40 55 59 11 3 28 25 42 54 17 20 57 30 6 43 45 31 4 26 36 62 14 19 60 1 12 24 70 5 64 48 33 32 46 44 41 16 66 10 23 37 9 53 63 38 49 15 22 27 34 2 13 58 56
68 31 6 19 60 33 61 18 21 56 69 43 27 46 45 29 48 47 23 64 11 3 10 17 37 44 5 38 24 49 66 14 52 36 51 41 63 70 9 15 65 30 39 67 59 50 53 35
69 28 60 58 39 15 67 34 61 64 70 3 65 18 14 12 35 56 38 29 27 8 21 49 51 50 37 57 32 45 63 30 42 2 16 41 46 53 5 54 9 26 62 11 68 4 66 25 59 1 55 43 47 13 23 40 44 48
70 57 64 47 8 11
