21
1 6 5 16 10 12 14 13 4 11 15 17
2 11
3 1 12 14 6 5 7 10 19 4 15
4 9 21 10 2 11 13 6 12 17 7 14 1 19 16 3
5 9 1 13 19 4 16 21
6 15 16 21 5 3
7 6 17 1 14 4 10
8 21 3 4 20 5 15 14 17 19 18 1 13 7 2 11 6
9 19 7 8 11 14 5 10 17 2 21
10 2
11 15 13 5 6 8 18 3 16 19
12 9 15 21 13
13 8 12 16 3 20 9 10 21 4 15 18 17 14 6
14 15 18 6 1 21 20 12 5 17 16 4
15 21 16 10 6 8 9 3 20 11 7 4 14 18
16 2 6 18 21
17 10 16 7
18 8 7 15 19 10 4 13 16 2 5 21 9 6 1
19 8 6 13 10 20 12
20 3 8 11 13 10 14 21 7 19 15 5 12 2 16
21 15 14 13 5 18
