35
1 6 7 9 10 12 13 14 18 19 20 22 23 24 25 28 30 31 35
2 1 4 5 10 16 17 20 21 22 25 28 30 31 33 34
3 2 4 5 8 9 10 11 13 14 17 18 20 21 23 24 26 27 28 31 34 35
4 2 5 6 11 13 15 16 17 18 19 20 21 23 26 29 30 31 35
5 1 4 10 11 15 16 21 22 23 24 25 26 27 28 30 32 34 35
6 2 5 8 9 10 11 12 14 15 18 22 26 29 31 32
7 3 4 6 8 10 11 14 17 19 20 22 27 29 30 32 33 34 35
8 2 4 9 13 14 19 21 23 24 26 27 28 29 33 35
9 2 3 10 11 13 15 16 17 18 19 20 22 26 28 30 32 34
10 1 2 5 7 9 12 13 15 17 20 21 25 30 31 34 35
11 2 5 7 9 12 13 14 15 16 17 18 21 23 26 27 28 30 32 33
12 2 3 4 5 6 9 10 14 17 18 20 22 23 26 28 29 30 33 34 35
13 1 2 5 11 14 15 17 23 24 26 27 28 31 33
14 2 3 5 7 8 12 18 21 22 23 24 25 29 31 32 34 35
15 6 7 9 11 14 18 19 20 21 24 26 31 34 35
16 3 5 6 9 10 14 15 19 20 22 23 24 27 28 29 30 31 32 33
17 1 5 9 10 12 15 16 18 19 24 25 27 28 29 31
18 2 3 4 5 6 7 8 9 17 19 22 23 28 29 30 33 34
19 1 2 3 4 5 6 7 11 12 13 17 18 23 24 30
20 7 9 11 12 16 17 19 25 26 29 30 31 33 34 35
21 5 7 8 10 14 15 23 24 25 28 32 33 34 35
22 1 2 3 4 5 7 10 12 16 18 20 21 23 24 25 26 28 30 34
23 1 3 4 8 10 12 13 14 16 17 19 22 24 25 27 29 30 31 32 33 35
24 4 8 10 11 13 14 15 17 26 28 30 31 33 34 35
25 1 3 5 8 11 13 15 16 18 20 24 26 27 28 30 31 33 34
26 2 3 4 5 8 9 10 12 13 15 17 20 25 27 28 30 33 35
27 2 5 6 7 8 9 13 19 23 24 26 32 33 34
28 1 3 6 7 8 9 11 14 15 18 20 24 26 27 29 33 34 35
29 3 4 5 8 11 12 18 20 22 24 26 27 30 31 35
30 2 3 4 6 8 11 12 13 18 19 21 22 24 28 29 31 32
31 3 5 7 9 13 14 16 17 18 21 22 23 24 25 26 27 28 29 30 32 33 34 35
32 4 5 6 7 8 10 15 16 18 19 22 23 25 26 27 28 29 30 31 33 34 35
33 2 3 6 7 10 11 12 14 16 17 20 21 23 24 25 26 28 34 35
34 1 2 3 4 5 6 7 9 10 11 12 13 14 18 22 23 26 27 29 30 31 33 35
35 1 2 3 4 6 7 9 11 12 14 15 16 18 19 22 25 27 28 29 31 32 33 34
