77
1 4 8 9 10 14 18 21 22 23 24 27 29 30 32 33 34 36 37 38 40 45 49 50 51 54 57 58 59 60 61 62 63 64 65 66 67 70 72 73 74 76 77
2 3 6 7 8 9 11 12 13 14 15 18 21 23 24 25 26 27 30 31 32 33 34 38 41 42 47 48 49 50 51 53 55 56 57 58 59 60 61 63 64 66 67 69 71 73 76
3 2 4 6 7 8 11 12 13 14 15 17 19 20 21 27 28 30 31 33 34 39 42 44 46 47 49 50 55 58 60 62 63 64 65 68 71 73 74 76
4 1 5 6 9 10 15 16 17 18 19 24 29 31 33 34 43 46 47 50 54 55 59 60 61 62 63 64 66 68 69 71 72 73 74 75 77
5 8 9 10 12 13 14 15 17 21 22 25 26 27 28 30 31 39 40 42 43 45 46 47 49 51 52 53 54 55 58 59 62 63 70 71 73 75
6 1 7 8 10 11 12 13 14 19 20 21 22 23 24 28 30 32 34 37 38 39 40 41 47 51 52 53 54 55 58 59 61 62 63 66 67 68 71 72 74 76
7 2 3 4 5 9 10 11 14 15 17 18 19 20 22 23 25 26 27 29 34 35 37 40 41 42 44 45 46 47 48 51 52 53 55 56 57 58 60 62 63 66 67 71 73 75
8 5 10 11 12 13 14 15 19 24 26 28 33 35 41 42 45 46 47 50 56 57 62 63 64 66 67 70 71 73 76
9 1 4 5 7 10 12 13 17 18 25 26 27 30 31 34 43 45 46 49 51 54 55 58 59 60 62 63 64 65 67 68 69 70 73
10 2 4 5 9 11 13 15 17 20 21 23 24 26 27 28 29 33 38 40 41 43 44 49 50 52 54 55 58 59 60 61 62 64 65 66 68 70 71 75 77
11 1 2 4 5 6 7 10 12 14 19 20 22 24 27 28 29 33 34 39 40 41 43 44 46 48 49 53 55 61 63 64 68 69 70 73 74 77
12 2 4 6 7 11 16 18 19 20 21 24 28 31 33 35 36 37 41 46 48 53 56 58 60 61 62 65 66 67 72 73 74 76
13 2 3 7 8 12 16 20 23 24 25 28 29 32 33 34 36 39 41 45 46 52 55 58 59 62 63 66 67 68 70 73 75 77
14 2 3 8 9 13 16 18 20 21 24 27 34 36 37 39 42 43 44 45 46 47 48 49 50 51 53 54 55 56 57 62 63 69 70 71 76 77
15 3 4 6 7 8 9 10 11 13 14 16 17 19 23 25 28 30 32 33 34 40 43 44 50 55 61 66 67 70 71
16 1 2 4 5 6 9 10 11 12 15 21 22 23 25 26 30 31 33 37 38 39 40 42 43 44 47 48 49 52 55 56 58 59 62 63 67 68 72 73 74 75 76
17 3 7 11 12 16 19 20 26 28 30 31 32 33 34 35 36 40 42 43 45 46 48 49 50 51 55 57 58 61 62 63 64 65 67 71 73 74 76
18 3 5 7 11 15 17 25 30 32 33 34 35 37 38 40 45 49 50 51 52 53 54 55 56 60 64 68 72 73
19 2 4 8 9 10 13 22 24 28 29 31 32 34 35 37 38 40 42 44 47 53 54 55 57 58 59 62 64 70 71 72 73 74
20 1 2 5 7 8 9 12 14 15 17 18 22 26 27 28 30 33 34 39 40 42 45 46 47 50 51 55 56 58 59 61 63 65 67 69 70 71 72 74
21 1 3 4 7 8 9 12 13 16 18 19 20 23 25 27 28 31 32 35 38 40 41 47 48 53 54 56 58 59 60 61 66 67 75 76 77
22 2 3 5 11 14 16 17 18 20 24 26 29 30 32 34 37 40 42 48 50 56 57 58 59 60 61 62 63 64 65 71 74 75
23 1 3 5 7 8 10 11 17 28 29 31 33 34 36 38 40 44 46 47 48 49 50 51 54 55 57 63 64 65 67 70 71 72 73 74 75 76
24 3 4 5 7 8 9 12 14 18 20 21 23 25 28 29 31 39 40 41 42 43 46 51 52 53 54 56 58 59 60 61 62 63 64 67 68 69 71 73 75 76
25 1 2 8 9 10 11 13 16 18 20 21 23 24 27 28 29 31 34 36 38 41 42 43 45 47 48 49 50 54 56 57 60 62 67 68 70 71 72 73 76 77
26 2 8 9 10 11 12 13 14 16 21 22 27 28 32 33 37 39 41 42 45 46 49 51 52 53 55 58 59 60 66 68 70 71 72 73 74 75 76
27 3 6 7 8 14 15 18 19 22 24 25 26 28 29 30 33 34 35 36 38 40 41 42 43 44 45 46 49 50 51 53 54 57 58 59 60 61 62 63 69 74
28 2 4 5 13 16 18 19 20 21 27 29 30 31 32 33 36 37 38 40 41 42 43 45 47 48 49 50 52 54 57 59 60 61 62 65 66 67 70 72 73 74 76
29 2 3 4 5 8 9 10 11 12 15 16 19 20 21 22 24 26 30 31 33 35 41 44 46 47 48 49 52 54 55 57 58 63 65 69 70 72 74 77
30 1 2 3 5 7 10 11 12 15 16 18 19 20 22 25 26 27 29 31 32 36 37 38 39 41 47 49 50 52 53 55 56 57 59 64 66 67 70 72 73 75
31 3 6 7 8 10 11 14 15 16 17 18 19 20 21 25 27 29 33 36 37 38 40 44 46 47 48 51 52 53 57 59 62 64 67 69 71 74 75 77
32 3 4 5 12 13 14 15 16 17 18 19 20 22 23 24 27 29 30 31 33 34 35 36 37 39 46 50 51 53 54 59 61 62 63 65 66 67 70 72 73 74 76
33 1 2 3 4 5 7 8 10 12 14 17 18 22 26 28 29 30 31 37 41 43 44 46 48 51 52 53 56 59 62 64 68 74 75 76 77
34 1 2 3 5 6 7 8 9 10 13 17 18 21 22 23 25 26 27 30 33 35 37 38 39 42 46 47 51 53 54 55 57 58 59 61 63 66 67 68 69 71 74 75
35 1 7 8 11 14 15 16 17 22 23 24 27 39 40 41 42 43 47 48 49 53 54 55 56 60 63 65 68 72 76 77
36 1 4 5 7 8 10 11 15 16 18 20 21 27 28 31 33 37 41 44 46 47 48 49 50 51 52 57 58 60 62 67 68 72 75
37 3 4 6 9 10 11 13 15 18 19 20 23 29 32 36 38 39 41 42 43 45 47 48 49 50 51 57 58 59 60 61 63 64 65 68 71 72 73 75 77
38 1 2 5 15 18 19 20 22 23 25 26 27 28 30 32 33 34 36 37 40 41 43 44 46 49 51 55 56 65 68 69 70 72 73 75 76 77
39 4 5 6 9 10 15 16 18 21 24 25 28 29 30 33 35 36 37 38 41 45 46 49 51 52 58 59 61 65 67 68 69 73
40 1 2 5 9 13 16 17 21 24 28 30 32 33 36 37 38 39 41 42 43 44 45 48 50 51 52 54 57 59 61 62 63 64 65 66 71 72 73 74 75
41 4 6 10 11 16 17 19 21 22 24 25 27 28 29 30 31 32 36 37 38 39 43 48 50 51 52 53 54 55 56 57 61 64 66 69 70 71 72 73 74 75 76 77
42 1 4 5 9 11 15 16 17 18 19 20 21 23 24 26 27 28 32 34 40 44 45 48 49 50 51 52 54 56 57 63 65 66 67 76 77
43 2 3 4 6 9 16 17 18 19 20 21 22 23 26 27 30 33 34 36 40 41 45 48 50 53 54 55 58 59 62 64 65 66 69 71 72 74
44 3 9 10 12 13 14 17 18 19 23 24 25 27 32 34 35 39 40 42 46 47 48 49 50 51 52 55 57 60 61 63 65 66 71 72 75 77
45 2 3 4 6 7 8 11 12 13 14 15 16 19 21 23 24 25 26 29 30 32 35 36 38 40 43 48 49 50 52 53 54 60 61 64 66 68 69 70 73 74 76
46 1 6 7 13 14 17 20 21 23 24 25 26 28 29 33 35 36 38 39 40 42 45 48 49 50 53 56 59 60 62 64 68 73 74 75 76
47 1 4 6 7 8 9 10 16 22 25 26 27 28 29 30 31 33 36 37 38 40 41 43 45 46 48 50 53 54 55 56 57 60 63 64 68 69 71 72 73 75
48 1 3 5 6 8 9 12 14 18 20 21 22 23 26 27 29 30 31 32 37 40 42 43 44 47 50 51 53 54 55 57 58 59 61 62 65 66 67 70 71 72 73 74 75 76 77
49 1 2 4 5 6 7 8 10 11 12 13 14 15 16 18 19 20 22 25 29 34 35 38 41 42 43 45 47 48 50 51 52 54 55 58 60 62 63 65 66 68 69 70 71 77
50 2 3 4 5 7 8 9 11 12 14 16 17 23 24 26 31 32 34 35 36 37 38 39 41 42 45 46 47 49 52 55 57 58 63 64 65 68 69 71 72 74 75 77
51 6 8 12 13 16 17 18 19 20 21 23 24 25 26 27 28 29 34 37 38 40 43 44 45 47 49 54 57 59 60 61 64 65 66 67 69 71 73 74
52 1 2 4 6 8 10 13 14 15 19 20 21 23 24 27 31 32 35 39 40 41 42 44 46 48 49 50 51 54 55 56 60 63 64 65 67 68 69 71 72 73 75 76
53 5 8 10 11 12 13 15 16 17 20 21 23 24 27 28 29 34 35 36 39 40 43 44 47 50 52 54 56 59 61 68 69
54 1 3 4 6 10 11 14 18 19 21 22 23 26 29 30 32 33 36 37 38 39 44 45 49 50 51 53 56 59 65 69 70 72 74 77
55 8 10 13 14 16 18 21 26 27 29 34 35 37 38 39 41 42 44 48 52 53 57 60 63 66 67 69 70 71 73 76 77
56 1 5 10 13 14 18 19 20 23 26 28 30 31 32 33 34 35 36 40 42 43 44 45 47 49 51 53 57 58 61 67 69 70 76 77
57 1 2 6 8 10 12 13 14 17 20 23 24 27 30 31 33 35 39 43 45 49 51 54 56 61 62 66 68 69 71 72 73 75 76 77
58 2 3 5 6 7 9 11 18 19 20 21 22 23 26 27 28 33 34 38 39 40 41 42 44 45 47 48 52 53 54 55 56 59 60 66 69 74 76
59 1 2 4 6 8 9 10 11 13 14 15 17 19 20 22 23 26 27 28 29 30 32 33 34 38 42 43 44 46 47 48 50 51 53 56 57 58 64 68 70 71 72 73
60 4 9 12 14 16 19 22 23 25 27 28 30 32 34 36 37 40 41 46 47 51 52 55 56 58 59 62 64 65 66 68 72 75 76 77
61 1 2 4 5 6 8 10 13 14 15 20 21 24 26 27 29 32 34 35 36 38 46 47 48 50 53 54 58 59 60 66 67 68 69 72 76 77
62 1 2 4 5 10 11 12 18 19 20 23 24 25 27 28 30 31 32 34 36 37 38 40 41 43 45 46 47 48 49 52 58 59 60 61 64 68 69 74 75
63 1 6 10 12 13 16 17 18 19 20 22 23 29 30 31 33 35 36 39 47 51 52 53 57 60 64 65 70 71 72 73 74 75 77
64 2 3 9 10 11 12 13 14 15 16 17 19 21 23 24 30 33 37 38 39 42 43 45 49 50 51 52 54 57 59 62 63 65 66 68 71 72 75 77
65 1 3 4 5 8 9 11 12 14 17 18 22 23 25 26 27 35 38 40 42 44 45 49 53 55 59 60 61 62 63 64 67 68 75 77
66 2 4 5 6 7 9 10 11 12 13 15 16 17 20 21 23 24 28 32 35 37 38 40 41 49 58 59 62 63 64 68 69 72 73 75 77
67 1 2 4 6 8 10 12 13 15 16 19 20 22 23 26 27 28 31 33 34 35 39 41 42 43 48 49 51 52 53 55 57 58 59 61 63 64 66 68 75 77
68 2 4 5 13 14 17 19 20 22 23 24 25 26 32 34 37 38 39 42 43 45 49 51 57 61 64 65 69 72 73 74 75 76 77
69 1 3 5 7 10 11 15 16 17 19 20 26 27 29 30 36 37 38 39 40 42 43 45 46 47 53 54 55 56 59 60 61 62 65 67 68 70 71 72 73 75 76 77
70 2 7 8 10 11 12 13 14 15 17 18 19 20 21 23 25 26 28 29 30 31 33 36 38 41 44 45 46 47 49 51 52 56 61 63 64 68 69 72 75 76 77
71 6 7 9 11 13 14 16 17 18 19 20 21 22 25 32 35 39 40 48 49 53 54 55 56 57 59 60 62 64 65 68 70 73 74 75
72 3 9 10 11 12 16 17 19 24 25 27 30 33 36 41 44 45 48 51 52 53 54 61 63 66 73 74 75 76
73 1 2 4 6 7 9 11 12 15 16 17 18 24 25 27 33 35 36 37 40 41 46 48 50 52 53 54 55 58 59 60 65 66 69 71
74 1 2 8 9 11 12 14 15 16 18 20 21 22 23 26 30 32 33 36 40 45 46 47 51 52 54 57 58 59 60 63 65 66 67 68 69 70 71 75 77
75 4 7 8 9 10 11 15 16 18 20 21 22 24 26 27 30 33 35 41 44 48 50 51 52 55 57 58 59 61 62 64 68 71
76 2 3 4 6 8 10 12 14 15 20 21 23 27 29 30 32 35 38 39 40 41 42 43 47 48 49 50 51 57 58 59 61 63 64 68 70 73 75
77 3 4 5 6 9 12 13 17 18 19 21 22 26 27 28 30 32 33 37 38 39 42 43 44 45 46 50 54 55 56 58 59 60 63 64 66 71 72 73 74 75
