91
1 9 19 72 36 34 84 15 28 12 14 41 73 32 59 49 61 66 11 37 5 29 48 64 87 71 63 46 20 70 2 44 52 33 56 23 43 75 86 40 57 81 77 80 4 68 82 78 3
2 87 31 68 62 16 25 32 50 66 89 40 70 33 67 11 78 51 81 15 84 56 24 10 73 77 23 28 5 46 21 26 35 29 76 27 4 39 61 14 42 58 49 52 59 69 45 82 71 63 48 86 80 53 37 44 36 3 74 19 8 55 6 41 57 22 43 90 30 85 20 72 34 1
3 87 13 16 8 80 83 38 70 54 15 90 64 76 39 58 57 2 7 88 18 50 86 40 89 75 17 14 85 60 26 59 66 43 20 63 91 65 31 84 78 68 74 72 46 10 45 33 81 37 71 19 29 48 5 21 6 22 61 1 28 42 56 49 69 34 23 73 30 62 32 67 11 52
4 49 28 32 44 53 3 21 31 37 81 39 88 48 79 18 51 75 68 82 1 71 86 10 55 72 43 26 85 24 77 27 84 13 78 42 22 40 91 65 58 66 87 45 36 80 5 57 30 15 73 34 67 90 16 60 41 20 50 23 35 74 54 56 25 83 64 89 9 29 46 19 76 62 47 33 70 63
5 89 81 41 86 16 47 57 71 14 49 3 28 83 45 70 40 4 12 46 75 21 11 35 26 78 68 56 10 43 13 22 8 80 50 2 32 76 59 84 60 63 18 6 72 66 27 69 54 87 34 42 31 29 38 67 77 90 7 91 9 65 17 48 30 73 61 51 74 62 23 55 1 79 58 24 88 52 20 53 33 44 15 85 82 19 64 36
6 39 12 13 22 66 79 45 34 68 10 37 91 48 24 59 28 90 40 15 5 27 9 78 19 18 26 51 14 75 84 64 80 47 41 11 30 74 55 23 49 17 43 65 81 7 21 54 83 25 2 88 62 82 38 53 72 87 70 57 8 86 29 16 42 33 60 85 76 32 3 58 35 77 44 67 4 61 73 69 50 89 56 52 71 63 36
7 6 84 34 45 73 50 18 24 51 33 17 54 71 65 20 43 86 35 48 47 49 42 26 77 8 46 27 76 12 90 11 28 52 91 74 39 4 80 36 87 3 85 89 66 81 62 68 57 61 88 58 19 23 69 67 83 63 79 2 13 25 55 44 5 14 15 75 10 31 32 37 78 56 22 70 41 30 82 60 53 1 38 40 29 59 16
8 83 5 18 56 20 45 80 86 72 55 17 3 91 73 10 33 31 53 88 1 12 63 51 16 79 52 82 48 25 89 14 49 69 87 24 61 47 39 85 50 19 60 46 22 30 58 78 68 6 15 32 54 75 76 44 9 40 36 84 29 35 70 27 13 90 37 38 34 77 21 59 42
9 49 84 1 41 35 74 15 71 44 75 62 83 87 60 63 5 54 11 24 67 10 7 46 13 47 25 48 12 42 30 20 36 65 52 53 45 21 43 77 50 78 59 90 26 37 27 61 82 17 19 91 14 32 28 34 58 29 89 6 70 76 31 39 79 18 88 16 81 51 64 86
10 6 87 30 46 50 2 80 24 13 36 37 34 39 43 58 5 84
11 16 33 82 57 55 3 86 1 44 30 63 42 29 31 20 23 90 14 64 19 69 58 75 54 84 66 67 21 53 47 2 78 68 12 35 51 13 22 5 40 59 32 60 8 45
12 85 78 67 88 46 28 69 45 14
13 37 89 44 66 48 4 85 68 64 78 33 32 86 51 65 49 30 41 16 34 46 82 42 15 58 67 74 57
14 22 41 46 86 37 51 7 44 47 59 17 49 43 9 4 67 78 18 36 70 60 89 58 31 39 74 42 30 48 38 21 12 88 71
15 80 34 85 61 29 87 79 81 47 69 51 18 72 32 52 76 17 5 7 42 36 65 64 66 40 41 44 16 90 3 56 27 45 49 71 11 1 4 84 19 25 62 91 13 48 24 54 35 77 89 53 58 23 26 22 70 33 88 30 9 86 50 37 59 28 2 38 21 31 39 83 20 68 57 10 55 75 67 46 43 78 12 74 73 60 82 63 8 6
16 77 1 57 39 82 11 70 58 9 76 84 12 5 88 72 29 90 23 64 19 21 26 6 17 18 89 75 54 65 63 15 46 73 49 78 2 10 50
17 10 90 34 13 35 72 7
18 34 22 55 31 75 43 39 81 3 83 12 15 29 76 45 17 58 54 25 46 84 77 24 68 5 51 33 10 36 9 57 14 44 2 41 90 71
19 20 35 3 71 60 18 89 74 36 22 37 85 32 8 41 79 75 73 61 55 76 58 24 63 84 40 54 15 78 50 34 33 49 27 87 23 4 77 17
20 40 79 11
21 40 87 59 44 38 47 72 32 33 51 15 17 18 52 85 30 86 57 74 16 35 3 50
22 12 14 28 20 90 81 32 8 85 49 75 44 27 50 40 19 45 51 67 60 62 38 34 57 29 9 77 72 15 58 24 42 56 36 41 31 91 87 2 86 61 35 89 16 71 47 43 53 78 63 70 11 1 10 13 17 79 82 6 80 84 52 30 33 46 83 88 25 37 74 64 65 39
23 21 34 36 62 13 56 32 77 70 9 41 79 55
24 6 30 62 70 12 53 8 80 44 81 72 88 13 60 48 4 45 21 9 66 23 10 42 54 55 37 18 34 51 76 74 28 46 33 69 77 91 79 22 15 29 52 78 89 2 31 59 1 27 5 26 61 56 86 16 71 84 50 49 25 7
25 88 15 10 76 70 71 16 75 60 21 64 22 59 2 13 50 79 33 19 27
26 36 80 31 32 91 58 79 75 51 28 83 64 35 60 49 65 48 84 25 73 52 16 71 3 8 39 20 22 12 5 14 19 67 13 76 33 15 62 37 44 30 57 70 87 23 55 53 81 45 27 90 10
27 22 81 84 91 17 79
28 6 19 56 1 54 26 46 91 72 62 50 15 88 65 55 3 32 4 45 68 81 76 75 70 5 90 71 60 24 42 9 25 47 30 8 87 63 36 85 35 53 51 84 59 78 49 48 23 7 27 79 22 57 66 58 80 31 34 41 21 38 37 44 13 89 40 10 67 86 18 64 17 11 29
29 69 59 47 19 48 7 37 88 79 55 82 87 8 77 62 84 66 2 46 16 28 27 13 68 45 71 42 32 64 10 20 57 60 81 31 22 86 65 5 23 73 54 89 78 41 50 12 40 18 33 80 39 21 14
30 79 65 60 50 35 16 48 42 39 61 31 82 77 89 78 13 63 58 73 7 24 20 43 15 47 84 4 74 6 27 34 49 40 68 46 18 64 23 44 41 1 12 29
31 11 89 4 43 15 14 82 86 2 76 68 59 90 5 13 52 61 18 23 41 6 42 78 30 57
32 51 41 64 57 13
33 3 85 10 14 56 47 57 25 26 48 52 40 72 82 83 34 5 81 71 19 88 27 17 50 35 60 46 31 58 64 32 13 80 39 84 22 74
34 11 66 21 57 58 37 73 44 19 91 23 51 79 87 20 24 15 60 50 63 84 29 82 49 3 80 72 35 83
35 5 45 9 44 22 91 66 13 60 8 10 43 55 56 82 89 32 21 87 46 17 33 80 58 78 7 54 27 50 77 41 51 31 57 85 49 73 29 18 72 65 37 74 75 47 63 39 83
36 73 33 8 74 20 49 11 40 52 3 77 60 42 53 44 65 58 2 10 9 70 37 83 54 46 47 91 25 57 35 75 29 26 51 81 19 6 71 28 56 7 39 86 55 66 90 89 22 68 1 84 76 80 14 43 50 32 31 82 12 41 45 78 67 79 62 30 87 24 72 15 61 64 23 27
37 72 20 71 35 50 65 19 22 90 84 81 55 24 46 77 26 59 38 11 40 33 76 1 61 43 54 15 73 2 62 49 36 51 60 56 21 83 13 68 66 23 87 25 75 74 28 57 69 29 85 18 9 45 86 4
38 80 56 9 14 61 70 79 86 77 12 37 52 5 46 1 51 27 13 57 89 48 69 18
39 44 29 11 78 66 75 50 62 71 5 22 7 67 70 51 45 48 77 23 59 1 16 27 10 63 43 8 38 61 80 31 64 3 79 6 85 33 87 57 84 47 26 86 55 34 88 82 76 89 2 36 60 20 52 15 32 21 18 37
40 49 3 37 91 85 67 87 36 13 41 4 28 79 5 48 44 68 39 83 56 16 73 61 81 11 2 23 71 19 9 8 1 24 15 63 32 90 46 52 22 50 70 18 30 65 75 72 59 34 31 14 26 45 33 58 88 53 47 84 29 35 54 17 64 7 66 38 77 69 42 20 51 74 80 62 82 60 6 43 78
41 50 12 48 66 85 44 80 61 57 16 64 21 87 74 72 62 58 40 43 11 89 45 27 9 49 55 69 90 38 29 10 52 36 83 86 73 17 28 31 67 46 56 30 82 79 84 1 81
42 38 81 37 73 29 84 10 17 89 26 40 13 74 43 51 82 64 44 80 28 75 47 59 70 58 52 8 20
43 86 8 82 3 37 80 90 16 60 72 65 83 85 61 59 25 38 69 55 54 30 24 17 27 13 1 56 44 89 66 45 48 39 20 63 5 18 36 6 49 51 15 4 57 28 73 14
44 60 56 1 48 45 87 86 73 8 58 89 41 46 51 75 4 40 91 76 63 69 77 6 35 55 15 17 18 53 43 5 49 50 14 28 36 84 71 3 27 39 21 2 12 22 57 67 70 13 78 52 29 23 79 74 81 33 83
45 2 58 73 59 57 47 51 89 18 72
46 45 29 8 75 32 16 49 44 35 61 25 28 27 74
47 57 64 71 80 8 61 39 52 22 79 36 78 46 63 15 87 90 62 32 66 69 41 12 72 49
48 5 44 11 59 83 23 69 34 51 87 7 35 81 25 75 67 54 63 33 8 71 42 43 22 12 19 20 40 56 32 76 58 52 68 82 24 89 14 84 74 65 53 47 30 28 66 57 37 41 88 50 31 29 62 21 46 91 55 2 39 77 90 86 60 72 45 16 1 61 17 70 38 78 3 85 9 80 4 18 13 79 26
49 44 10 63 18 6 29 28 13 27 34 55 37 5 23 43 32 79 21 25 39 35
50 72 57 44 78 62 32 87 8 18 24 55 48 91 6 34 27 79 85 49 1 23 21 60 54 43 13 88 82 68 30 70 9 16 75 39 4 33 5 19 59 52 86 40 28 10 58 51 90 25 2 3 46 89 7 38 31 61 71 63 45 42 26 36 53 37 83 47 41 35 77 81 84 56 67 29 66 12 15 80 64 73 74 17 69 76 65 11
51 9 2 8 21 52 24 76 72 61 81 70 56 26 57 36 46 77 29 37 14 84 25 3 82 64 18 11 65 86 22
52 76 78 7 42 26 44 49 37 41 2 11 60 13 36 27 80 57 9 40 28 34 22 17 55 75 35 64 30 90 23 86
53 80 70 49 56 36 24 38 17 37 21 35 28 54 52 60 72 2 78 83 5 40 73 4 62 39 32 12 76 44 7 33 10 51 26 41 8 81 20 77 67 6 69 46 45 85 68 31 48 58 74 86 59 89 50 47
54 89 14 32 31 22 18 63 52 35 37 23 84 11 2
55 37 84 52 50 14 70 87 13 29 82 28 26 32 17 62 10 66 85 68 90 12 8 42 6 64 35 71 75 24 80 76 51 1 30 73 69 88 48
56 40 4 28 14 69 21 85 82 48 39 34 30 9 66 57 5 52 90 78 86 33 61 2 11 26 64 29 67 25 53 89 8 77 17 22 75 74 38 73 60 54 55 45 7 91 72 15 71 12 59 41 70 44 35 43 88 51 65 6 63 13 32 24 37 10 81 16 50 31 58 1 87 3 27 68 49 79 36 76 62 80 18 46 84 83 20 19 47 23 42
57 69 43 53 60 25 24 14 54 51 87 11 30 7 79 71 39 12 80 70 8 46 73 15 26 66 20 44 55 48 38 19 78 91 86 63 5 3 18 45 75 74 89
58 33 83 66 71 35 55 49 79 64 19 74 18 13 84 51 87 36 76 16 12 45 60 62 26 57 6 8 34 11 44 14 41 50 10 85 3 40 77 32 82 78 86 21
59 56 67 66 21 38 31 58 2 13 14 30 83 10 36 65 12 7 25 4 19 72 15 26 39 51 16 89 77 91 63 74 73 71 23 68 6 55 37 9 80 1 20 44 86 79 52 46 84 62 75 70 54 42 87 47 17 24 18 78 81 32 41 48 61 43 76 8 45 57 40 35 22 3 60 53 49 85 27 33 11 29 69 88
60 5 63 2 74 81 53 9 40 14 80 76 62 11 26 54 78 69 36 34
61 62 81 63 73 11 1 32 17 14 74 59 42 66 76 6 43 44 27 54 79 72 4 34 83 29 16 50 23 19 37 78 13 20 22 30 58 45 24 25 51 39 86 15 18 7 85 53 52 75 40 2 69 10 48 49 87 31 64 56 21 71 3 12 9 33 70 8 88 38 36 5 57 41 55 65 67 84 77 80 35 26 91 82 90 68
62 33 44 52 60 90 6 30
63 68 71 81 37 91 85
64 45 68 46 10 59 62 39 34 47 18 42 31 85 78 52 71 7 5 9 83 27 87 21 12 89 57 11 3 75 72 50 1 28 49 44 36 65 91 33 16 37 55 25 8
65 74 31 17 48 6 66 88 71 85 42 5 51 62 27 16 52 11 14 44 78 15 46 43 33 4 49 53 80 36 13 67 81 90 84 28 63 34 29 10 35 45 30 69 58 72 54 60 19 70 2 61 89 79 83 8 50 91 57 86 56 25 73 75 3 55 82 1 39
66 70 68 38 49 32 2 43 81 37 82 40 20 26 50 33 47 75 83 6 21 45 85 23 71 60 4 34 91 36 67 76 77 65 89 63 69 87 79 18 54 51 74 84 24 3 8 14 27 48 42 22 55 53 31 78 86 10 88 52 35 57 15 1 19 5 11 62 41 12 56 16 72 64 73 61 9 28 30 80 90 7 44 39 25 58 29 17
67 4 23 36 32 56 91 64 25 88 77 27 74 41 11 8 62 21 9 90 54 2 72 57 15 49 75 87 53 40 1 29 82 52 60 68 69 71 59 86 30 3 22 61 38 28 34 14 44 80 13 10
68 2 56 63 27 10 78 50 70 69 53 83 48 15 35 4 13 74 47 21 44 52 84 43 12 46 36 86
69 85 20 17 63 38 87 30 9 71 26 60 1 39 86 67 68 51 19 4 12 41 46 28 37 57 50 48 75 33 90 73 24 88 34 79 84 13 80 3 31 23 47 65 70 78 52 61 55 82 6 44 40 2 10 49 29 56 25 15 91 5 59 77 27 43 76 74 62 72 8 45 36 16 32 54 22 18 21 58 11 7 35 53 66 14
70 84 19 17 51 28 58 45 40 23 89 77 37 67 6 86 34 53 16 36 68 29 41 47 87 49 9 72 14 69 75 43 78 90 82 46 30 65 91 35 20 64 55 24 3 8 71 22 79 57 76 63 59 60 4 18 50 10 61 11 88 21 1 80
71 56 58 79 8 19 26 10 35 17 46 51 23 70 54 21 78 84 49 63 14 76 85 57 89 45 69 38 55 74 86 42 87 81 28 43 75 90 36 48 83 64 34 68 67 15 37 12 18 77 25 29 33 53 72 22 82 30 7 20 9 4 13 65 80 6 41 27 61 52 40 39 32 5 59 62 2 50 44 11 24
72 80 49 91 87 73 19 2 3 89 36 47 86 48 29 40 52 12 27 43 41 28 7 57 22 76 77 18 10 1 58 90 30 6 35 39 25 83 44 17 11 60 75 65 37 53 32 78 50 26 62 4 15 51 63 8 82 34 56 71 21 59 45 14 20 9 16 54 67 88
73 16 63 79 53 81 9 74 87 17 36 64 44 15 57 27 55 38 1 68 8 84 25 91 6 49 37 39 18 86 12 11 20 42 78 77 3 90 23 22 34 29 56 41 48 46 35 21 82 4 52
74 1 2 88 64 73 83 81 56
75 20 65 79 19 57 68 91 81 86 1 90 89 3 69 15 26 35 55 41 59 39 77 82 70 6 71 23 83 54 18
76 60 16
77 80 48 38 66 75 60 78 84 67 71 55 21 8 6 63 34 32 86 57 72 3 22 31 56 35 85 28 74 12 14 79 87 91 17 83 59 81 11 90 23 82 88 73 1 30 50 4 5 27 33 44 43 68 61 54 26 70 25 40 46 15 62 49 20 89 18 2 65 9 47 41 52 58 19 39 69
78 86 84 34 66 77 20 3 41 54 62 31 74 60 19 58 57 27 63 80 39 45 55 38 4
79 34 49 15 85 40 57 56 5 8 29 33 77 88 50 38 54 75 26 45 65 25 58 31 86 35 52 72 62 32 90 67 14 61 78 59 70 76 73 83 19 10 81 1 68 16 43 74 44 17 36 9 64 71 51 80 89 21 55 4 53 46 27 12 3 87 41 66 47 22 42 37 18 2 48 91 30 11 84 69 7 82 60 63 23 6 24 39 28 13
80 14 72 74 38 40 54 70 83 33 15 48 66 29 82 56 71 9 27 57 7 11 16 12 59 60 23 13 18 61 20 67 37 47 62 32 87 25 65 5 63 55 8 90 51 34 86 88 3 45 26 78 81 31 79 36 58 42 1 76 75 35 84 22 77 17 28 30 2 50 64 69 19 68 4
81 42 17 41 33 80 30 8 35 64 87 89 21 54 50 15 46 82 86 79 1 9 57 27 76 63 77 28 12 43 65 40 6 85 4 83 14 13 90 39 26 56 69 32 68 10 16 44 22 62 38 51 88 71 53 58 55 29 25 45 18 72 91 2 74 47 73 59 3 66 52 49 36 78 70 7 23 19
82 70 87 66 38 43 80 47 46 26 69 85
83 56 20 19 43 55 50 5 7 40 58 21 45 91 54 80 28
84 44 45 60 77 7 68 73 6 86 51 83 49 91 81 69 9 54 22 42 59 79 88 48 10 20 61 39 32 72 64 75 40 74 52 71 26 23 85 46 82 15 30 90 31 5
85 14 10 52 7 63 39 82 6 26 48 60 11 81 89 9 77 32 36 59 19 67 17 69 62 31 56 20 76 15 5 33 71 78 88 54 90 66 86 80 45 13 38 24 42 44 68 73 34 30 43 58 1 37 61 83 64 28 40 79 50 53 75 41 3 2
86 1 3 48 42 31 87 84 80 46 68 59 60 66 18 22 44 89 61
87 66 70 23 27 61 43 71 37 19 42 86 50 56 4 26 30 59 44 90 24 82 11 47 68 9 18 13 77 39 58 29 48 72 51 5 14 7 67 78 12 41 79 2 65 88 81 73 75 33 3 74 40 69 76 63 20 28 52 54 16 25 35 80 83 22 55 89 57 91 1 21 8
88 46 58 79 70 80 39 26 65 59 5
89 72 2 45 59 4 69 85 90 13 17 64 16 23 41 21 14 57 44 68 71 22 30 7 8 15 37 11 24 3 67 53 35 51 88 29 10 9 46 49 61 39 77 34 66 27 42 60 31 50 5 18 76 54 79 73 75 87 65 62 12
90 20 38 72 58 57 81 65 87 6 53 36 68 60 42 78 82 77 44 8 34 56 40 75 13 45 9 50 49 80 79 63 74 46 29 21 43 31 47 30 39 11 51 2 37 62 85 91 83 55 26 35 41 71 22 23 10 16 32 15 7 27 1 24 52 69 12 48 66 73 89 4 86 3 33 54 59
91 48 27 79 52 67 8 88 10 9 49 16 81 44 3 2 23 13 38 5 21 34 26 42 31 7 55 35 19 46 87 89 90 41 17 33 60 61 64 28 71 82 43
