105
1 94 2 70 95 22 23 49 10 53 8 47 52 34 85 46 43 82 48 64 24 58 50 104 55 25 86 84 103 63 54 59 96 69 76 37 92 73 75 68 78 44 18 20 67 98 83 14 11 32 87 16 7 12 21 88 51 33 40 74 36 66 29 90 80 28 35 101 79 91 30 41 61 65 15 4 71 56 6 26 60 39 102 105 100 57 81 62 3 97 13 93 19 42 99 77 31 72 17 9 38 27 5 45 89
2 14 54 50 19 86 87 37 105 97 42 62 79 57 6 64 63 1 69 93 7 10 26 100 68 75 35 59 70 11 12 9 22 61 89 13 25 30 32 90 29 24 33 53 41 92 49 91 77 17 51 65 18 83 16 43 55 4 73 8 81 20 23 56 38 31 5 85 36 96 46 103 99 52 47 28 78 76 45 102 72 95 3 101 67 34 66 98 48 84 27 44 21 71 15 94 74 40 58 88 104
3 11 60 38 36 84 77 90 22 85 97 80 56 31 92 69 88 10 33 9 103 41 58 17 43 35 82 39 100 61 2 34 49 102 57 81 75 30 12 19 59 15 47 87 13 105 98 20 48 64 55 44 45
4 58 47 51 79 53 39 35 91 46 97 65 61 59 81 56 36 98 72 99 89 26 29 37 20 21 41 66 34 10 25 104 45 80 87 11 77 49 73 33 38 40 68 19 100 88 67 92 1 78 62 101 52 74 15 84 42 71 16 86 76 93 54 60 32 50 23 90 7 44 48 2 27 18 8 28 85 17 83 103 9 14 55 70 57 31 94 24 75 3 22 12 5 63 30 6 13 69 64 43 105 102 95
5 14 20 51 40 26 24 21 1 64 12 82 83 101 78 50 70 4 13 93 37 57 29 62 97 85 19 60 102 71 104 42 89 54 49 105 77 41 87 74 39 58 65 53 69 96 68 92 72 88 15 81 47 103 36 63 91 28 80 22 6 3 73 56 33 55 84 99 67 32 9
6 53 17 8 26 57 18 72 71 62 101 95 1 45 81 34 94 42 100 47 59 73 3 32 77 104 2 90 58 11 5 23 10 80 25 27 65 98 56 15 93 36 87 96 63 84 99 69 9 78 51 103 30 61 20 102 67 82 22 48 50 7 16 21 29 24 52 74 35 86 68 88 49 91 44 39 33 12 85 14 89 66 97 70 13
7 46 21 8 42 61 23 50 55 35 37 65 97 41 34 53 9 91 63 100 4 102 6 71 26 18 95 81 31 17 39 58 87 70 57 69 10 13 76 84 80 20 12 66 98 90 83 2 1 40 89 67 45 92 51 16 5 25 36 88 82 96 75 11 105 32 60 49 93 3 38 64 52 68 59 99 77 104 73 44 15 22 79 47 85 33 62 43 27 56 54 94 48 103 78 72 28 74 86 24 30 19 14
8 42 41 94 35 38 19 74 20 71 25 103 54 76 87 16 46 3 48 92 77 37 24 11 83 34 62 97 44 52 2 53 101 81 9 56 59 85 29 98 60 6 91 36 17 79 50 70 26 67 90 102 80 61 39 63 72 69 45 23 89 22 31 82 88 86 65 33 10 78 12 99 51 4 21 30 68 13 32 15 95 104 1 18 58 43 57 84 28 73 27 105 14 7 100 64 75 40
9 24 51 99 28 33 7 64 45 85 6 38 34 20 29 92 15 10 76 95 75 35 56 25 62 98 101 80
10 65 94 26 69 58 95 104 67 59 102 84 25 83 37 91 44 93 20 86 72 100 23 71 42 78 66 15 85 30 28 97 45 103 55 90 50 74 70 27 2 105 11 51 16 39 82 101 4 89 61 36 35
11 46 22 13 82 26 52 79 40 60 92
12 51 15 30 20 49 78 5 75 99 70 18 2 57 13 52 9 11 92 93 24 80 81 23 8 76 26 55 28 43 67 98 39 47 103 29 71 86 62 82 63 36 22 101 68 72 44 31 21 69 59 16 64 27 46 58 105 61 104 25 85 10 42 35 65 89 4 50 19 56 60 1 6 77 102
13 3 47 30 11 70 16 85 68 7 55 26 37 82 14 86 69 56 65 45 38 73 48 74 33 67 9 59 40 36 95 93 64 76 90
14 37 82 102 63 45 76 42 35 85 25 36 16 30 61 88 69 53 33 17 89 86 95 6 80
15 85 74 77 69 51 89 31 27 33 95 38 97 86 8 76 70 72 4 20 11 75 62 13 64 12 23 16 44 14 67 19 79 60 56 55 28 93 98 22 52 17 82 94 2 61
16 26 15 2 78 34 10 103 88 98 43 13 7 40 36 96 19 85 97 31 76 86 81 14 65 6 46 94 75 87 89 18 57 44 77 42 47 45 99 52 20 12 101 74 72 55 28 59 100 91 92 54 3 4 60 80 105 62 84 90 21 83 38 51 39 79 50 67 24 30 49 27 64 68 11 63 9 33
17 21 2 20 24 99 32 80 93 97 14 18 37 61 25 9 52 83 15 63 13 60 36 82 57 35 89 45 59 75 39 1 47 51 48 46 92 78 87 101 68 96 8 69
18 58 85 32 28 46 81 35 53 30 102 47 7 73 27 100 5 36 2 29 33 67 78 48 40 8 51 62 63 55 91 54 37 10 103 50 21 15 93 19 88 11 26 17 64 101 3 69 56 25 79 96 90 82 22 86 76 20 66 43 98 105 39 99 24 83 60
19 27 60 35 71 40 41 74 8 77 92 42 34 51 16 25 3 45 31 99 14 55 26 6 20 53 36 58 94 73 86 56 33 22 66 85 83 98 97 29 70 68 52 95 39 59 49 17 32 18 13 76 12 104 54 61 75 90 69 21 78 96 48 101 105 84 2 24 80 57 4 38 79 89 102 63 11 47 15 88 91 62 43 93 82 87 7 10 1 100 46 28
20 58 98 79 19 73 32 39 41 51 14 4 24 17 91 105 9 77 15 89 46 6 8 93 54 49 87 29 103 13 84 90 23 45 42 96 56 40 30 48 5 94 65 75 28 25 80 74 72 26 85 62 2 57 37 63 1 60 50 70 82 61 100 22 47 67 81 66 11 33 104 76
21 47 24 81 55 35 19 32 95 49 99 79 82 44 29 30 36 39 6 65 41
22 29 98 75 102 17 54 19 31 6 97 100 58 50 1 47 103 46 32 81
23 62 58 42 21 80 55 77 75 20 49 53 99 67 79 45 16 102 61 105 12 59 22 92 33
24 85 19 29 105 11 38 35 60 17 86 81 18 27
25 41 43 3 93 59 99 89 91 68 6 20 30 54 39 85 13 61 100 47 29 49 80 97 21 34 52 78 23 11 70 37 32 10 1 50 73 15 95 88 36 9 22 12 102 17 103 27 74 64 86 56 38 18 63 53 75 8 84 79 94 82 28 104 72 51 92 4 42 2 90 7 46 66
26 21 28 7 88 69 14 36 61 51 93 23 77 45 95 83 16 49 10 68 94 53 58 17 90 43 64 104 32 2 72 71 42 19 11 100 85 41 6 22 57 1 48 66 3 24 9 76 67 101 31 84 105 39 74 12 40 50 4 70 96 37 47 60 44 55 73 82 8 5 91 56 18 86 35 102 87 59 29 20 81 62 30 27 15 54 52 63 99 79 103 65 78 98 38 46
27 54 76 88 105 58 37 95 75 43 68 28 23 55 86 102 80 61 96 3 89 99 13 14 2 5 81 74 40 38 57 16 39 101 36 11 47 46 49 15 30 97 73 35 100 34 1 31 18 6 26 52 45 56 69 94 20 84 82 29 53 98 50 104
28 29 74 6 100 93 59 5 99 94 35 32 22 17 75 76 31 7 61 4 34 87 11 64 45 84 40 104 30 70 68 83 95 10 98 54 44 90 1 25 85 9 72 42 19 73 12 24 39 69 14 67 37
29 85 91
30 21 9 35 7 5 47 14 44 18 90 53 59 41 79 27 40 58 82 17 75 73 92 2 81 26 98 74 97 50 99 38 51 4 63 11 72 60 25 84 67 96 104 20 68 66 12 28 94 36 15 85 16 23 77 54 102 62 78 48 86 83 49 91 42 65 55 89 100 29 24 80 34 95 93 76 31 13 101 19 33 88 70 64 87 43 57 22 103 105 37 32 1 8 10 56 69 71 45 3 6 46 52 39
31 43
32 81 59 34 16 85 25 24 84 76 93 44 19 68 79 21 39 71 4 48 35 49 65 5 41 101 6 104 74 43 42 87 86 82 62 23 33
33 87 57 98 90 5 94 97 45 104 26 35 61 93 28 38 46 66 43 12 64 41 65 101 53 75 21 17 48 67 13 81 58 19 63 56 82 39 4 49 40 44 71 88 2 59 42 6 37 1 23 9 95 50 52 91 79 69 84 51 62 8 74 47 11 96 86 27 70
34 80 72 81 93 7 53 24 59 19 12 48 44 5 68 85 22 92 102 14 100 39 77 66 87 25 82 52 15 33 84 16 32 36 89 57 18 86 51 56 9 29 43 104 47 28 46 26 61 79 27 58 1 97 88 50 13 17 2 99 62 23 49 55 8 103 74 35 40 3 11 96 42 31 90 83 54 95 20 69 78 41 6 91 65 67 38 98 45 75 21 60 94
35 8 14 91 105 42 17 48 23 50 43 104 9 75 6 83 40 100 77 13 97 49 41 52 47 53 56 88 73 60 98 54 10 44 93 5 37 25
36 94 78 44 48 86 35 24 74 27 66 30 56 1 91 87 105 15 81 47 38 28 45 59 77 69 3 32 5 83 82 68 80 100 54 6 73 19 14 41 4 64 101 89 13 17 51 84 61 8 76 60
37 63 19 45 99 98 39 90 57
38 49 61 41 87 88 54 48 51 104 95 27 53 68 67 93 71 99 82 64 9 26 25 74 13 3 11 4 7 105 33 60 24 5 65 23 42 76 55 90 36 81 75 15 10 97 62 101 78 94 44 20 17 31 56 12 57 43 59 98 45 47 92 89 91 22 14 1 52 58 30 86 79 83 37 50 84 18 8 72 102 21 46 16 35 69 32 103 63
39 68 77 40 91 24 43 31 2 99 64 32 78 70 102 94 56 17 14 85 54 65 59 48 26 52 13 71 27 82 93 75 55 66 83 11 47 42 67 73 63 30 98 80 96 29 18 19 28 41 87 49 36 81 90 35 74 37 58 53 92 62 20 84
40 98 97 76 69 35 50 93 34 67 101 57 87 84 73 86 32 92 49 39 26 99 31 36
41 15 89 7 86 9 54 28 10 8 102 19 34 6 76 29 16 37 96 85 22 21 55 91 14 39 36 81 2 74 50 45 49 47 30 1 84 87 82 25 53 52 75 57 48 68 80 38 24 83 64 103 23 26 104 35 27 17 12 42 43 40 31 71 44 72 92 60 95 18 66 46 100 32 101 79 88 69 33 77 94 13 11 56 5 97 62 98 51 65 105 73 20 99
42 24 10 9 58 83 103 13 80 36 61 104 49 67 16 92 81 84 25 38 79 2 4 52 44 65 39 7 21 46 88 34 30 40 60 105 91 31 56 19 20 57 54 47 22 93 73 62 90 6 41 8 85 29 96 68 71 14 23 94 87 74 50 51 12 5 45 64 26 43 98 100 18 48 99 35 82 1 17 55 95 15
43 100 36 93 40 89 8 82 34 97 64 101 91 30 7 9 98 16 103 105 39 76 20 35 51 52 73 45 84 29 90 28 59 67 48 53 94 58 92 88 23 42 3 18 85 44 2 62 12 26 10 87 57 4 17 55 54 77 50 86 61 31 13 5 83 72 81 74 38 104 11 71 25 46 22 69 63 68 102 65 32 24 49 37 15
44 28 11 20 93 40 58 72 84 2 63 81 13 90 86 35 27 91 45 57 21 31 9 32 25 69 5 82 14 103 49 95 33 36 89 102 73 17 104 64 79 42 80 67 60 61 74 88 51 12 15 85 66 4 34 41 62 3 92 48 46 22 19 98 6 71 100 105 83 78 50 38 94 56 47 37 75 30 87 70 43 59 65 10 24 23 8 18 99 7 76
45 24 43 44 51 78 26 31 69 10 88 64 12 103 96 89 83 1 17 41 27 52 95 62 9 8 14 46 65 32 5
46 35 18 97 81 71 44
47 102 49 38
48 32 50 55 44 23 101 7 41 30 79 73 2 89 87 100 84 97 38 68 53 78 82 90 9 85 22 49 64 34 1 28 69 29 66 15 63 52 70 96 51 88 94 104 8 17 26 74 6 39 56 93 37 57 25 54 86 65 81 24 43 75 20 95 31 105 27 10 16 62 103 61 13 5 77 98 4 80 92 14 12 60 18 59 47 67 42 46 91 72 71
49 44 91 73 12 3 77 79 16 88 81 93 89 63 52 68 57 50 105 95 61 78 11 32 72 23 70 31 103 76 48 9 38 54 20 28 75 37 97 71 83 59 30 46 19
50 44 59 18 93 36 21 1 51 102 53 35 97 9 82 8 64 48 65 46 67 2 22 11 99 75 79 100 42 12 63 3 57 24 103 88 33 92 87 76 105 85 15 54 26 83 68 27 5 98 104 90 77 17 23 58 41 31 40 34 74 19 91 72 20 32 84 45 37 78 6 38 13 80 4 70 14
51 82 44 24 43 76 3 28 32 68 41 77 98 49 20 81 5 21 57 48 64 38 101 85 102 14 66 90 27 91 17 31 94 86 18 74 96 56 13 7 2 1 61 69 58 72 16 100 23 30 67 53 88 80 62 34 70 37 97 42 36 22 89 29 26 45 39 47 71 104 65 50 25 73 9 103 99 84 4 35 92 87 19 12 83 52 63 8 6 11 59 79 95 10 60 46
52 38 102 40 12 104 105 15 96 59 46 51 17 32 86 33 75 30 48 93 57 98 68 36 22 34 61 27 21 78 88 4 94 72 7 79 80 55 77 99 37 89 3 53 73 76 64 63 39 1 71 20 50 11 56 58 26 82 19 95 16
53 14 97 88 74 2 11 103 8 3 42 50 95 72 40 36 56 37 18 33 60 87 57 79 38 4 96 47 49 29 21 98 59 93 91 78 23 90 76 55 5 27 16 51 99 17 61 92 100 31 19 35 102 73 6 13 68 71 26 81 12 41 25 83 105 54 75 9 22 52 7 104 62 30 65 82 64 84 32 46 58 48 89 80 34 66 20 39 70 86 15 1 77 69 43 10 28 63 85 101
54 42 77 87 105 55 41 47 16 44 7 4 95 56 71 37 32 73 26 60 51 63 39 91 64 25 49 23 14 69 15 19 28 38 50 75 3
55 23 8 102 67 2 54 61 100 32 33 45 79 65 62 37 12 81 75 59 31 26 91 3 14 78 76 29 25 77 89 22 97 80 60 41 46 27 16 69 17 6 1 71 56 9 57 92 11 28 105 43 24 63 84 94 58 93 88 98 42 19 5 50 35 95 7 13 21 83 36 34 66 72 39 10 53 48 30 73 87 96 47 4 15 64 70 85 38 101
56 14 36 33 32 45 67 26 101 44 8 83 57 82 38 27
57 29 53 65 3 40 31 16 2 49 39 26 83 37 15 75 36 24 77 20 98 32 101 8 46 17 97 68 67 47 63 21 70 93 69 62 60 48 103 51 92 71 50 82 41 78 38 34 80 23 11 12 4 5 105 55 25
58 72 43 95 40 27 83 35 79 88 81 100 90 9 49 66 56 23 93 80 63 61 87 22 36 69 2 33 75
59 55 78 23 72 48 83 19 10 79 98 5 104 75 38 47 13 40 71 57 43 22 11 1 80 26 90
60 9 21 83 15 85 100 76 87 40 24 65 96 36 42 66 25 99 13 46 50 51 22 101 20 102
61 88 28 17 36 104 82 67 5 68 8 75 102 95 105 51 96 89 74 11 19 15 9 98 29 65 79 64 90 91 48 66 7 103 6 55 54 80 14 99 50 26 97 73 13 25 92 44 86 84 78 35 10 33 83 100 69 77 16 37 81 49 76 2 1 85 31 59
62 15 47 55 88 80 102 72 92 8 29 93 91 33 59 99 10 26 16 77 4 30 98 85 73 78 103 39 12 7 14 68 67 13 44 36 70 104 105 51 17 58 60 23
63 102 45 69
64 25 55 57 33 99 41 105 74 65 27 26
65 49 52 24 54 96 105 45 67 33 98 38 68 60 94 61 32 90 99 87 29 84 36 19 41 51 100 104 10 35 23 80 13 3 43 74 46 75 69 66 42 102 70 95 27 5 15 20 28 101 37 93 40 21 81 9
66 91 93 75 19 71 60 26 5 69 47 88 44 96 17 73 82 2 42 80 12 100 13 92 94 78 3 39 98 58 43 21 38 6 30 18 31 23 27 68 83 46 85 77 20 101 14 55 97 95
67 45 102 68 1 76 90 24 95 29 101 81 19 49 4 74 89 39 105 79 70 47 20 40 104 6 2 103 72 22 16 27 28 86 82 35 11 26 98 66 31 60 42 94 43 56 83 36 88 41 51 77 85 38 57 10 87 84 18 46 53 80 78 17 13 48 93 69 58 37 8 73 3 34 92 9 54 63 15 96 61 62 97 75 55 23 30 64 5 59 21 100 71 14 32 33 65
68 25 98 49 43 14 27 95 105 11 22 85 33 75 74 81 13 41 101 36 70 62 80 32 52 54 21
69 93 103 58 62 1 82 68 22 29 74 47 25 34 6 26 42 94 73 80 77 86 11 33 40 90 9 52 10 54 76 67 50 28 61 8 63 45 71 78 16 17 19 84 13 65 21 60 72 98 41 75 18 66 100 85 89 43 20 32 38 53 4 88 92 12 59 14 57 5 36 79 15 97 24 49 27 101 2 39 30 46 23 102 31
70 81 105 9 63 47 57 16 33 102 40 29 93 82 90 79 101 78 84 17 51 44 68 54 103 4 3 36 27 100 71 92 60 45 95 31 94 50 74 30 56 73 14 18 10 48 99 43 41 72 104 52 91 21 62 32 88 89 86 98 61 20 12 55 22 37 65 2 53 59 58 35 97 26 42 64 69 39 34 28 77 15 96 49 23 1 8 76 11 6
71 69 55 46 10 62 66 94 37 72 101 30 67 49 26 16 88 104 12 45 34 61 7 15 57 84 6 99 83 33 100 27 17
72 32 31 92 96 51 73 6 15 58 61 95 20 57 66 44 71 22 37 76 97 14 98 82 7 33 87 35 52 42 2 43 41 3 46 55 25 24 9 16 12 81 69 65 47 74 28 30 104 80 53 18 21 90 11 23 17 40 88 19 8 64 45 1 38 29 54 77 5 105 56 34 94 48 79 91 4 60 75 63 78 13 50 84 100
73 66 25 99 55 58 14 13 17 4 82 24 104 102 91 38 90 29 3 26 16 96 105 8 56 54 94 62 86 93 44 72 27 5 2 64 15 77 9 34 22 36 51 19 1 42 88 40 21 45 52 84 74 49 100 71 33 81 83 98 60 46 92 78 80 32 10 57 89 12 31 41 61 39 6
74 39 54 23 25 46 73 17 104 71 13 61 80 98 28 63 27 22 68 79 92 31 45 62 86 100 78 87 41 59 77 1 42 84 55 35 99 88 21 5 8 38 52 66 20 18 11 32 10 103 47 6 16 50 105 95 102 93 14 30 67 57 2 91 51 37 56 9 43 26
75 35 62 103 94 12 16 70 67 29 18 64 102 13 74 85 76 2 105 96 39 73 81 27 95 55 53 6 42 97 17 84 4 1 37 10 58 19 20 3 23 77 80 46 89 92 99 82 15 41 38 25 101 93 83 78 11 40 91 56 7 49 28 26 48 87 21 32 98 33 100 52 54 57 90 51 72 43 86 9 88 24 61 44
76 89 79 90 8 7 3 46 37 28 83 95 9 19 82 13 80 73 40 91 48 43 67 56 64 30 65 20 54 12 47 105 100 26 11 102 52 93 51 66 18 87 5 78 29 63 77 41 44 16 32 75 1 72 38 35 84 25 70 53 31 98 49 34 68 33 99 62 96 57 58 97 6 23 60 92 104 103 10 21 27 4 39 101 61
77 21 5 104 89 98 58 4 72 42 79 12 59 100 75 19 85 48 9 55 91 22 53 102 60 26 16 83 18 40 81 11 96 92 51 70 15 34 101 93 49 99 52 38 69 67 32 10 95 31 8 36 7 17 45 57 84 13 73 82
78 96 84 17 74 31 66 9 68 58 88 7 18 105 72 13 103 92 22 100 63 10 14 39 81 21 4 79 77 35 45 23 67 38 12 76 2 44 19 71 60 52 61 91 62 48 55 34 85 24 25 65 32 82 95 33 46 102 75 97 101 70 57 29 41 8 83 36 73 49 3 94 16 93 15 69 20 89 80 51 26 47 42
79 93 94 36 65 72 4 75 67 105 97 63 22 57 40 3 47 58 27 89 48 38 61 68 23 56 100 15 45 98 30 62 10 5 46 35 12 33 39 82 103 52 17 87 66 55 92 90 18 80 42 74 16 96 83 51 7 14 50 76 8 69 28 78 2 59 91 11 53 102 32 31 6 73 19 41 77 99 85 44 70 86 43 13 26 104 88 64 84 24 71 9 60 37 1 49 20 101
80 39 9 8 4 92 53 88 64 44 45 62 79 19 55 28 56 3 99 20 104 102 34 13 49 37 85 82 98 40 46 69 66 27 1 95 29 71 84 75 47 36 74 38 81 2 22 14 11 83 26 77 7 41 12 25 94 87 61 96 103 90 97 30 100 105 68 57 54 43 18 70 50 17 59 51 42 93 65 60 63 10 15 23 52 58 73 89 35 16 33 86 72 6 101 91 32 67 24 5 21 78 31 48
81 17 104 67 52 60 26 28 66 3 51 9 83 94 95 35 45 41 54 4 88 74 49 29 72 44 42 90 80 20 70 69 2 13 8 62 38 64 79 33 7 39 68 58 18 103 11 24 71 25 47 40 21
82 29 33 101 104 11 24 55 103 72 81 97 3 86 23 17 66 100 13 26 32 85 52 21 79 4 83 74 15 93 9 88 99 90 102 51 57 35 54 61 46 18 25 40 49 44
83 75 47 84 62 93 35 79 55 67 59 50 60 52 76 54 4 86 10 94 39 41 8 45 53 103 57 38 5 22 24 85 27 13 37 78 63 68 81 25 97 66 105 42 18 98 104 29 11 61 6 69 14 43 15 58 77 89 51 17 71 36 92 87 40 96 95 3 88 9 12 32 46 26 74 73 34 91 19 65 21
84 11 10 78 62 9 37 82 45 99 86 17 77 63 101 35 95 21 47 88 20 4 104 26 90 53 29 89 27 25 51 24 36 42 14 71 68 5 41 22 94 64 96 67 65 12 46 73 15 30 23 3 85 103 70 75 79 59 2 72 97 19 28 49 54 55 18 39 57 93 40 83 58 48 69 31 56 6 98 7 16 1 8 52 50
85 32 88 60 47 54 83 23 64 79 96 99 30 15 34 12 92 50 31 5 40 28 55 97 13 16 25 89 11 101 102 95 73 52 36 26 51 44 1 7 48 71 86 37
86 79 44 72 64 102 14 74 22 91 23 27 87 30 10 78 56 104 15 24 16 71 13 20 93 34 35 48 77 25 39 73 101 26 85 45 75 9 65 47 42 54 28 99 19 41 62 3 57 63 1 67 97 38 52 6 12 100 8 18
87 5 71 80 73 98 10 45 34 67 29 75 65 85 26 93 31 90 77 78 105 91 16 63 7 23 2 101 4 52 72 54 37 79 32 55 60 19 102 46 3 1 25 81 57 13 76 24 100 48 64 15 42 21 53 69 68 84 35 82 9 30 56 8 97 11 89 49 95 50 20 99 18 104 103 59 86 96
88 61 71 55 30 62 96 8 103 51 29 7 34 65 95 89 32 41 46 5 22 66 77 73 50 27 44 90 92 33 40 48 63 87 21 97 47 19 69 35 86 14 2 31 53 17 93 57 98 85 74 52 15 58 60 16 81 105 100 38 42 67 1 79 80 18 25 104 4 94 36 56
89 10 9 76 46 4 34 36 73 11 19 2 30 96 85 33 87 84 7 58 83 26 93 21 68 41 45 102 50 28 51 61 42 94 16 43 65 23 92 40 5 39 67 48 29 105 88 60 97 101 49 95 82 35 57 25 22 54 77 80 44 64 103 32 98 17 90 37
90 63 12 57 53 67 6 18 105 28 56 23 71 16 20 59 30 84 48 68 25 75 10 93 86 13 38 66 4 61 58 97 88 85 104 64 14 3 33 49 62 42 45 70 46 52 41 17 103 100 21 81 54 32 94 77 44 101 24
91 63 33 40 5 14 22 90 93 27 73 77 103 16 61 47 65 94 26 98 53 82 38 75 45 2 99 104 66 1 87 3 28 97 49 35 80 56 74 54 4 58 17 44 23 100 62 50 29 43 52 102 57 59 42 8 41 64 83 89 60 20 46 11 69 88 34 31 67 15 13 37 81 32 10
92 95 100 52 65 90 25 20 85 104 62 44 98 94 69 82 23 29 34 26 21 17 45 41 73 102 49 72 89 5 9 76 36 74 80 19 79 101 48 54 43 81 42 57 105 3 1
93 74 1 28 56 77 88 81 101 23 94 100 36 71 3 58 4 89 14 86 32 42 41 68 12 65 82 51 64 19 87 62 21 49
94 13 53 69 3 62 102 10 105 33 45 104 22 81 63 48 97 46 21 84 90 98 7 76 27 44 91 28 73 66 25 71 47 8 55 37
95 25 59 92 87 31 62 38 104 105 77 76 37 93 27 43 65 79 9 86 3 29 10 78 12 4 66 63 58 32 96 82 101 26 72 52 49 41 68 57 46 67 39 47 80 85 40 54 21 97 30 17 70 18 73 24 84 55 69 7 53 89 11 14 44 91 99 103 13 2 94 33 60 36 56 50 34 75 16 6 51 42 5 98 88 19 1 102 20 81 8 100 83 28 22 45 35 61 64
96 4 101 47 3 100 8 35 38 102 54 71 90 7 98 32 83 78 50 36 105 40 104 23 57 12 51 80 10 22 55 70 72 39 52 60 42 56 5 31 27 67 25 28 9 95 19 62 26 14 53 63 48 18 20 99 33 45 86 64 85 93 44 75 11 30 87 84 46 15 17 74 43 76 103 68 79 61 92 16 73
97 99 95 1 93 94 46 34 32 8 24 77 17 23 31 43 53 2 50 6 83 60 30 58 61 55 18 5 76 78 54 38 89 14 48 101 7 81 10 86 51 72 52 22 11 28
98 52 89 11 12 51 86 61 83 65 18 76 54 31
99 60 96 23 75 65 57 81 32 89 28 1 55 12 72 56 10 105 21 13 88 86 59 9 84 67 74 66 29 53 31 40 73 71 47 69 34 90 49 77 44 39 94 92 78 58 61 97 5 104 80 102 43 26 36 63 91 4 3 11 70 6 41 98 33 50 17 38 27 35 95 87 54 7 51
100 10 13 18 62 91 105 45 99 80 4 49 66 51 2 28 38 65 104 26 48 12 83 90 23 36 74 64 67 60 75 11 50 31 54
101 31 25 48 19 44 59 105 89 94 1 103 95 14 57 92 34 52 4 53 39 40 23 79 58 11 41 36 91 64 26 56 81 69 85 27 10 54 49 90 75 15 29 78 42 100 62 24 5 16 71 32 30 65 17 8 51 7 80 93 20
102 80 27 51 91 33 63 76 20 98
103 47 93 86 30 1 61 17 74 40 57 32
104 56 20
105 26 19 6 76 93 79 54 58 17 70
