98
1 79 48 84 81 66
2 83 78 41 50 68 19 43 72 95 7 6 67 71 73 10 80 46 11 98 3 1 77 23 20 32 8 48 35 26 88 40 97 58 91 56 69
3 45 25 41 9 68 60 83 35 46 93 22 92 97 74 32 48 24 12 95 42 30 64 69 11 15 89 52 59 75 91 56 62 17 7 98 47 72 28 18 67 87 78 1 96 20 44 5 37 65 84 61 50 21 29 79 2 16 10 43 40 82 85 8 14 36 88 27 58
4 83 89 22 71 82 15 36 26 55 2 50 62 53 65 77 11 67 74 61 28 66 29 64 13 97 60 43 46 44 79 45 35 10 84 1 23 19 76 48 38 68 92 98 87 34 3 49 96 59 5 94 41 73 95 57 30 42 16 52 33 78 63 93 37 17 75 21 32 47 9 72 54 6 40 8 88 24 86 56 58 80 90 51 27 39
5 43 67 82 64 62 1 77 97 76 34 89 84 36 18 53 32 27 24 3 85 15 44 86 12 23 6 69 98 90 9 65 52 10
6 97 25 36 17 32 71 60 14 29 70 42 2 44 1 41 62 39 22 78 3 87 48 53 12 56 10 98 63 73 80 30 67 51 27 88 8 65 81 76 74 23 4 16 24 50 55 89 20 58 47 15 52 75 82 34 7 57 21 79 9 38 35 95 61 90 37 91 94 46 26 86 93 68 49 31 19 77 66
7 93 18 45 8 50 65 39 47 90 61 91 82 22 37 80 41 49 59 86 25 88 51 2 66 76 12 43 20 11 64 79 30 81 36 17 40 33 58 4 48 23 72 19 27 85 75 13 71 70 92 62 24 67 5 54 32 98 94 26 96 35 1 16 14 74 3 34 89 44 31 53 77 69 83 28 63 29 6 87
8 85 7 61 62 45 71 9 43 74 86 68 21 94 11 59 91 5 60 75 47 15 32 92
9 21 68 17 37 67 44 95 49 74 27 43 80 5 81 79 33 55 8 60 22 73 28
10 93 38 31 27 3 75 34 62 26 80 25 61 8 35 68 29 89 22 7 88 78 86 41 97 6 70 44 42 67 82 90 77 37 1 53 55 33
11 5 29 82 13 52 65 4 41 23 51 74 90 17 81 84 77 27 93 97 46 43 3 60 71 61 48 79 80 19 56 38 35 89 45 31 55 96 47 32 2 66 94 26 1 62 85 8 69 73 76
12 60 32 84 1 45 85 18 43 46 90 4 41 19 35 27 50 56 95 72 47 75 78 68 59 57 40 96 53 98 6 44 52 34 38 49 20 79 91 76 17 81 30 31 14 23 16 5 21 48 39 67 87 94 11 74 89 25 92 29
13 24 21 4 18 44 52 75 57 84 9 12 60 74 98 71 76 36 55 43 70 73 83 81 72 30 53 61 58 95 77 16 32 96 65 11 20 6 38 37 46 54 94 26 34 50 80 10 33 7 15 67 41 40 28 64 5 39 66 68 63 25 3 62 97 29 78 19 17 27 47 92 93 8 90 59 1 89 23 87 42 56 91 88 31 2 22 82 45 51 69 86 35 49 79
14 4 29 33 7 58 64 85 82 13 45 35 81 12 53 9 61 60 83 75 66 17 62 40 34 90 68 63 24
15 40 67 76 2 62 71 77 95 35 6 20 65 73 36 63 60 69 51 21 7 98 92 42 8 75 61 17 87 91 45 4 33 74 72 56 14 86 16 53 50 79 78 49
16 15 8 2 86 5 98 59 91 20 58 64 10 28 13 75 43 40 23 81 48 25 6 4 84 24 45 97 89 14 66 62 46 70 55 12 26 87 56 93 39 37 30 38 3 57 82 79 17 88 96 29 52 71 41 65 32 72 42 95 7 53 92 60 94 44 19 54 61 49 22 80 35 21 47 1 69 67 34 85
17 44 38 13 55 72 36 61
18 91 48 98 1 41 70 6 4 19 9 97 66 3 74 51 94 42 33 32 17 62 64 85 89 60 73
19 62 13 41 39 24 40 44 30 54 38 56 82 27 84 36 97 60 76 16 35 69 8 70 78 55 92 66 83 52 58 26 98 10 93 7 15 23 32 81 88 72 14 42 25 85 59 90 22 33 4 65 50 95 34 43 17
20 57 15 54 48 80 6 14 91 18 63 59 37 69 39 90 79 89 73 68 25 40 62 82 53 26 85 61 44 7 28 2 77 23 46 75 45 42 83 55 47 74 50 94 32 93 96 87 31 33 64 97 35 71 52 3 19 67 41 34 22 92 60 98 17 30 11 13 95 56 24 72 49 65 86 10 88 4 36 43 1
21 79 91 75 15 52 17 11 57
22 29 24 3 96 34 98 65 18 71 79 31 61 73 60 52 19 55 50 48 8 94 43 20 47 59 6 1 12 88 53 85 57 46 27 76 35 38 69 26 44 15 9 5 56 81 78 84 36 51 95 13 4 70 82 16 39 17 33 63 72 75 66
23 18 39 67 12 73 51 32 86 35 52 62 66 87 38 44 30 7 20 98 79 95 81 10 55 64 82 11 34 17 25 43 59 77 96 41 45 24 2 71 22 84 5 54 16 13 97 83 65 37 36 42 1 78 4 80 91 8 94 19 53 88 60 48 92 57 56 40 28 9 90 68 31 76 47 69 75
24 18 44 86 94 70 1 80 22 14 42 75 47 93 65 88 97 63 66 45 41 25 90 17 64 35 84 26 23 16 37 33 85 89 6 69 62 32 27 67 87 54 60 79 56 11 28 83 49 9 59 78 8 7 15 96 12 57 61 74 20 72 98 29 5 3 53 55 50 38 71 46 36 58 34 40 76 73 21 82 81 4 19 39 2 13 51 31 68 92 48 10 95 52 43 30
25 75 86 14 84 1 94 74 46 44 48 87 61 81 77 30 65 7 89 70 39 3 29 47 17 19 20 73 60 18 59 41 23 90 8 80 21 22 63 68 35 58 24 95 82 57 54 98 52 43
26 2 90 91 42 8 69 97 36 30 3 7 62 31 98 4 57 51 81 65 64 23 75
27 60 67 59 95 53 89 23 82 92 5 86 3 91 55 77 13 58 32 34 69 46 8 52 65 71 12 80 26 2 36
28 52 5 74 68 94 72 14 31 82 48 17 19 46 59 15 84 79 49 21 41 92 11 76 71 40 98 39 37 54 7 33 97 2 85 42 3 32 70 56 58 26 93 36 80
29 95 20 39 92 4 67 96 54 59 17 82 79 56 12 3 24 35 22 42 32 74 13 94 8 46 44 48 77 89 11 51 68 69 43 28 66 80 6 85 41 88 64 47 63 18 93 83 97 25 62 15 86 60 38 81 90 10 57 9 84 34 78 14 71 98 27 87 7 36 2 61 65 52 31 16 30 73 58 23 5 76 55 70 19 53 72 91 45 49 26 75 33 40 37 1 50 21
30 35 62 84 22 25 19 65 58 33 69 86 46 36 87 85 75 26 49 10 1 98 90 61 79 63 15 52 78 67 48 11 47 5 9 71 76 7 56 70 40 72 60 37 16 42 55 95 54 43 23 83 51 20 64 91 74 28 34 18 93 14 73 38 29 50 27 81 89 66 8 2 57 92 41 68 45 17 39 4 12 31 44 24 21 80 53 97 32 6 59 82 96 88 3 94
31 6 82 59 12 81 79 5 94 29 1 52 72 14 95 10 66 38 40 21 46 80 77 56 87 15 11 32
32 7 70 81 66 95 76 35 9 2 63 71 15 8 73 55 93 40 61 29 68 16 69 78 52 10 98 24 64 38 19 4 34 22 62 54 74 59 12 50 82 85 90 80 30 44 72 13 17 91 27 75 26 6 86 96 56 88 83 51 77 18 31 92 33 41 3 25 47
33 59 31 81 14 12 86 17 4 49 43 80 56 40 25 71 82 19 83 41 3 53 72 5 28 96 45 85 98 26 68 60 15 42 84 63 47 38 46 23 13 58 8 94 52 16 73 51 48 35 1 24 11 87 69 90
34 84 45 86 35 20 18 80 51 15 60 50 55 41 88 52 48 33 53 39 59 93 47 28 92 85 38 49 13 43 14 9 77 23 5 22 37 58 64 69 97 95 36 76
35 30 79 78 85 75 7 47 33 5 1 90 54 91 56 66 94 15 36 49 52 14 3 87 9 13 29 61 2 64 72 12 23 32 70 84 34 24 71 69 41 21 60 20 10 98 58 73 97 67 19 74 17 63 8 43 83 81 31 28 53 86 18 77 48 46 89 57 62 96
36 69 85 70 25 63 65 1 60 98 44 74 53 35 33 79 56 34 37 67 41 19 48 22 20 68 86 87 29 13 95 62 10 27 81 93 18 4 8 77 40 61 94 5 21 75 28 50 6 66 76 73 80 16 31 54 91 23 46 51 58 89 82 90 59 7 78 14 12 49 32 88 96 9 55 64 52 26 39 11 42 47 71 97 17 2 84 30 92 15
37 19 59 92 74 2 30 67 42 34 94 5 84 82 98 20 45 28 12 90 36 57 75 3 24 4 27 91 63 73 47 14 25 39 22 77 95 38 49 50 48 11 21 17 51 78 60 10 85 53 96 8 55 66 33 1 76 52 6 68 83 89 61 41 81 72 79 23 7 29 40 62 54 9 97 32 80 15 64 88 86 18 31 13 70 46 44 87
38 23 65 66 70 79 76 41 68 85 18 27 32 8 26 37 12 2 1 21 35 78 83 90 98 69 88 34 84
39 48 77 40 43 44 97 79 33 14 61 10 75 27 13 53 49 57 15 32 70 80 89 58 96 46 60 5 66 98 83 56 20 24 22 37 16 69 93 74 2 18 95 38 1 82 30 34 23 84 6 7 94 41 3 42 31 86 85 88 12 64 8 19 11 63 55 72 76 81 87 36 91 47 73 25 45 17 4 28 35 68 90 51 92 50 21 54 78 9 29 62
40 34 12 41 2 6 22 61 49 92 53 58 33 10 27 50 93 69 3 13 37 55 85 51 38 52 81 29 72 45 66 7 98 14 23 47 94 73 26 84 44 82 86 67 39 24 91 28 46 78 88 80 65 64 60 19 48 15 31 21 68 59 8 74 90 83 62 16 11 1 76 35 36 70 79 77 56 63
41 2 88 64 8 38 75 5 11 3 15 48 84 77 94 67 97 21 46 6 86 51 12 70 82 65 22 47 59 66 45 74
42 21 47 95 22 25 9 79 44 26 89 70 84 57 90 11 29 45 72
43 11 53 51 1 18 10 94 73 85 27 57 67 90 24 15 80 36 86 97 84 54 19 31 75 95 2 38 63 68 17 46 55 41 70 71 89 81 45 42 34 64 93 20 7 76 59 82 5 14 56 58 29 21 88 48 4 3 28 69 37 49 23 61 12 79 33 91 40 50 96 26 25 30 87 74 92 6 62 44 8 16 47 66 35 13 72 60 83 9 22 39 77
44 88 90 10 53 33 37 7 21 60 35 96 84 86 2 55 78 87 77 93 29 58 76 41 24 40 1 59 6 70 34 65 45 48 46 69 72 66 54 73 82 8 3 63 4 98 85 28 39 95 22 27 25 47 38 26 30 16 81 57 19 17 5 89 74 64 51 83 50 61 62 12 43 67 20 97 18 36 15 92 52 9 91 80
45 35 22 68 64 69 4 63 60 16 24 34 54 27 66 81 75 73 33 23 86 43 41 88 14 10 40 20 25 17 28 58 50 21 46 39 44
46 27 5 14 97 71 51 25 88 52 68 77 32 20 37 31 40 64 33 57 23 98 49 78 38 61 4 15 85 36 63 94 47 41 83 96 55 2 74 10 39 42 89 7 58 76 34 81 80 69 53 30 6 13 11 73 75 84 28 67 66 62 91 43 56 44 16 3 95 65 1 9 19 72 82 26 35 93 90 79 45 21 92
47 90 44 2 30 21 15 5 78 79 60 92 76 38 96 33
48 51 6 11 57 88 25 86 15 13 97 37 94 53 29 69 74 33 72 50 47 10 60 26 93 2 12 45 96 42 49 66 18 62 90 44 70 3 24 52 41 17 68 59 4 27 35 80 77 40 95
49 91 68 87 85 58 44 9 98 45 29 37 83 55 72 11 86 34 22 28 60 25 13 27 23 33 16 32 2 7 56 82 48 42 93 26 30 64 46 17 73 76 92 89 81 65 95 57 51 80 94 66 31 43 96 54 5 8 79 35 36 20 74 62
50 68 13 48 2 51 18 32 69 43 47 3 44 72 35 75 8 85 95 83 10 22 23 31 87 86 30 64 66 17 97 27 37 62 63 56 49 36 40 28 98 34 90 57 70 33 59 55 58 96 92 67 29 93 54 38 6 7 88 42 19 76 26 60 16 15 25 41 78 79 53 73 77 82 24 5 81 61 9 91 11
51 12 58 47 11 33 46 77 21 16 59 42 36 7 88 18 73 92 67 95 5 24 38 93 80 32 75 22 74 76 4 91 66 68 29 83 53 19 43 97 71 14 90 82 52 98 3 57 70 40 30 20 2 85 1 10 9 13 55 44 50 65 72 86 35 64 81 94 61 54 89 23 69 27
52 50 3 82 65 88 37 27 61 17 6 97 20 5 26 67 57 35 63 71 44 19 69
53 12 75 22 52 74 26 78 27 32
54 34 18 14 61 3 13 39 68 89 57 70 93 30 75 81 96 80 50 4 7 19 82 11 48 40 31 43 98 59 95 74 87 94 6 35 69 72 51 78 56 52 22 21 28 55 37 1 10 23 83 44 65 46 47 91 92 15 29 84 20 64 26 85 8 76 25 79 27 17 9 49 90 66 88 33 53 73 62 86 16 42 58 12 24 5 71 67 36 41 45 60 63 77 97 2
55 33 52 18 93 75 82 67 70 86 76 14 71 40 79 29 42 50 22 36 38 28 27 51 72 8 84 97 2 37 16 45 65 61 1 54 59 73 30 20 46 83 89 4 13 3 5 7 94
56 55 93 31 69 65 98 95 72 41 17 78 66 51 64 74 4 83 21 24 38 86 34 28 44 73 6 35 50 47 45 32 22 26 58 30 12 37 88 15 91 81 1 33 77 10 96 59 85 7 62 92 40 19 46 71 90 70 25 67 61 60 48 82 8 3 89 53 97 14 80 13 52 57 43 76 9 20 16 18 84 68 42 36 27 49 79 94
57 42 88 98 72 26 19 3 83 67 53 40 46 27 79 12 9 59 94 76 13 48 78 90 75 6 35 15
58 41 27 89 56 15 53 23 72 21 26 85 60 54 68 57 95 39 98 22 28 8 48 70 9 73 63 30 69 59 31 38 36 44 74 78 7 96 79 13 14 19 1 67 32 18 4 3 84 97 52 35 50 45 65 47 34 61 16 71 29 12 5
59 74 85 76 34 65 47 33 44 84 14 93 92 51 58 46 11 73 82 12 78 97 20 10 2 49 81 95 54 61 35 94 4 48 69 1 40 91 79 63 87 37 68 9 39 50 67 31 30 45 62 32 24 98 28 7 43 26 15 18 38 96 5 56 3 19 71 70 17 55 25 72 29 89
60 61 20 48 96
61 37 23 10 82 34 58 35 73 81 62 88 69 89 1 85 92 25 2
62 66 72 73 44 32 22 97 12 15 26 3 92 74 30 20 48 65 52 55 93 16 40 80 82 11 33 4 76 18 79 14 61 63 21 6 35 56 27 67 1 81 54 78 17 23 84 64 29 2 49 71 13 96 25 77 58 39 36 89 19 50 28 38 91 47 10 42 60 7 86 95 85 8 94
63 1 70 6 57
64 63 45 49 6 44 92 39 4 95 14 94 74 26 42 55 41 57 77 98 93 20 88 56 70 46 50 16 2 19 97 53 58
65 23 77 53 94 21 96 93 8 49 27 7
66 76 51 1 39 46 53 31 97 57 81 64 83 42 10 28 15 73 9 55 23 3 94 11 65 36 37 82 20 21 8 79 32 88 89 13 50 25 75 95
67 68 65 20 93 84
68 89 87 58 85 2 92 12 9 28 50 41 54 17 26 45 37 39 44 79 62 7 10 81 66 67 95 77 90 56 20 3 34 76 11 80 73 97 25 21 69 6 59 32 57 38 16 18 60 23 74 49 33 96 86 82 13 94 47 93 88 14 36 31 48 55 42 61 98 19 64 84 35 8 65 43 15 72
69 17 7 13 9 86 31 21 95 93 3 66 79 70 48
70 67 12 71 27 8 6 53 43 4 64 84 37 91
71 33 13 29 42 59 72 30 56 64 39 76 77 75 12 40 79 55 43 63 45 21 68 92 35 97 98 26 1 25 19 80 15 27 50 28 2 84 65 78 47
72 61 59 68 8 33 89 36 21 13 53 37 32 16 63 48 97 20 88 22 76 38 69 15 7 3 98 12 74 46 27 54 47 44 10
73 15 74 6 32 13 68 93 23 43 64 67 34 44 53 4 40 75 2 22 9 20 55 33 83 69 60 95 5 26 37
74 91 44 6 21 58 42 78 12 77 60 90 26 9 29 17 25 89 70 61 20 87 69 55 88 53 94 67 10 76 23
75 65 48 91 6 76 8 79 68 46 78 42 49 30 13 66 17 89 34 14 56 57 51 93 95 59 52 72 92 83 85 55 54 25 36 64 74 43 62 58 35 47 31 9 88 77 94 73 29 82 50 63 69 12 70 87 84 19 67 53 4 18 61 71 37 45 7 5
76 29 11 80 97 38 88 20 60 92 39 64 22 81 94 41 14 93 44 55 79 69 12 67 90 32 23 84 2 77 10 65 6 62 31 51 96 18 53 89 50 27 5 26 46 91 85
77 76 12 98 28 96 19 16 38 36 42 29 27 10 74 84
78 68 26 11 55 95 20
79 1 12 74 30 22 66 4 72 71 85 67 47 6 14 21 41 78 17 92 56 25 77 54 86 45 90 40 29 65 64 31 5 18 60 73 19 83 51 69 13 49 94 89 88 82 58 57 53 48 9 91 20 23 61 7 34 96 62
80 32 6 76 74 9 39 25 10 90 75 64 36 94 59 62 65 38 77 67 86 85 29 61 69 22 70 95 84 12 56 68 93 44 20 52 41 1 2 35 24 27 42 63 54 18 28 79 11 71 7 82 33 89 96 46 8 50 60 34 72 87 31 14 21
81 86 20 12 54 60 55 90 11 59 53 94 68 33 4 57 29 41 39 93 47 64 18 48
82 46 5 64 97 14 85 6 58 43 7 57 26 50 52 73 28 93 31 11 24 23 55 65 44 98 95 86 67 75 66 81 15 91 34 68 59 78 10 27 70 39 9 8 69 20 16 19 54 48 51 3 32 76 37 47 42 90 72 83 92 13 41 12 77 36 4 29 80 88 35 63 84 71 21 38 94 56 17 45 25 87 2 1 61 18 33
83 65 32 40 13 90 66 21 85 81 26 78 73 91 8 57 67 1 25 4 42 95 9 63 56 39 35 86 76 54 12 74 28 84 34 96 14 92 94 72 88 5 33 18 36 45 23 7 38 71 75 46 30 80 2 93 59
84 57 24 55 73 49 5 6 4 83 7 61 78 35 37 72 56 51 22 91 93 48 33 44 28 62 12 66 50 63 32 54 86 39 47 38 29 90 31 89 1 96 2 92 53 34 77 16 19 87 17 23 15 76 85 67 11 98 36 41 94 26 88 20 9 58 3 30
85 26 12 43 67 64 23 71 65 66 33 78 83 35 75 40 82 79 97 34 74 59 15 14 2 69 5 53 6 81 19 31 94 8 61 4 47 17 32 89 96 48 49 22 87 62 18 57 86 56 13 91 36 76 41 21 98
86 18 75 97 73 2 16 10 48 67 77 46 13 53 29 54 37 88 96 40 79 47 49 50 35 45 59 33 80 64 70 76 14 58 92 83 62 39 71 38 44 69 68 28 51 63 56 78 52 1 26 3 36 7 93 24 30 11 85 4 87 61 31 15 57 20 12 43 32 81 8 82 23 34 74
87 7 34 73 39 93 26 18 48 35 31 98 57 6 19 82 32 58 11 3 9 22 59 25 53 30 51 62 80 27 13 89 43 28 67 15 5 76 56 42 4 33 88 41 83 54 86
88 89 18 79 20 1 82 32 2 93 65 92 97 13 91 31 98 83 37 95 45 54 34 43 53 51 73 25 71 7
89 21 66 18 26 90 9 39 97 30 7 42 78 82 85 79 59 22 55 94 92 75 43 16 96 37 52 73 50 5 83 93 60 29 48 20 10 14 8 68 32 86 35 23 63 71 28 36 54 27 49 24 98 81 76 15 19 64 87 62 17 40 12 2 44 31 65 11 84 13 91 4 95 67 70 74 72 34 6 41 25 80 51 1 57 33 88 46 69 3 38 61
90 1 27 94 65 5 75 41 46 61 92 55 71 43 28 40 58 23 63 78 57 35 76 88 42 4 10 22 50 67 47 97 2 14 3 12 13 89 87 9 56 45 37 73 39 11 70 30 72 16 77 18 8 66 6 21 52 95
91 34 13 46 80 92 27 68 21 26 40 74 88 47 45 62 64 14 22 52 83 4 70 67 29 51 6 78 25 44 11 42 57 76 41 81 8 5 84 35 48 90 3 31 60 28 37 56 33 94 38 9 17 97 89 12 19 77 86 36 63 39 55 23 2 1
92 66 68 70 17 87 4 42 28 90 31 56 95 86 50 94 16 6 25 71 55 51 88 1 21 43 78 65 19 75 52 9 79 59 62 20
93 65 66 28 5 63 50 1 32 37 4 43 6 86 79 98 31 24 26 57 59 35 67 78 75 36 29 74 25
94 24 20 41 2 73 13 50 25 58 59 36 33 47 91 32 62 44 87 74 78 76 67 51 80 57 72 3 9 97 38 35 89 69 77 79 98 63 88 61 85 21 23 71 17 34 26 11 84 18 70 64 10 60 4 28 6 83 14 8 30 45 66 54 46 56 1 39 29 19 65 43 42 48 55 22 49 40 12 75 95 92 37 7 15 31 52 68 81 53 86 90 93 5
95 33 79 89 47 83 65 43 37 9 53 69 19 45 10 71 22 49 40 34
96 84 46 69 90 19 58 13 41 27 55 36 35 5 37 48 82 95 86 94 79 52 68 49 64 97 88 71 4 29 87 85 22 92 7 34 26 91 16 33 70 30 32
97 64 28 11 95 32 4 94 51 74 88 55 46 80 23 35 73 30 20 60 85 47 62 39 65 93 18 15
98 25 46 35 82 19 49 42 84 22 66 51 14 17 61 2 56 21 8 28 79 93 44 50 15 52 45 12 37 6 94 18 83 55 75 59 88 67 23 31
