56
1 44 40 10 20
2 50 15 41 22 32 25 17 36 54 26 51 33 56 20 35 44 46 16 49 9 1 29 14 34 38 47 4 24 8 21 31 11 30 13 3 28 6 19 7 52 43 40 5 42 39 48 12
3 55 19 54 7 25 12 17 2 46 42 22 38 35 49 34 14 18 20
4 32 16 44 14 3 6 8 47 20 28 18 15 49 25 17 40 22 42 39
5 25 28 19 34 38 41 48 4 29 18 54 12 44 20 47 14 56 53 30 50 23 43 36 10 27 42 51 6 37 40 31 21 17 22 11 52 1 3 32 45 26 2 16 13 39 55 15 8 7 46 24 33
6 46 12 41 19 10 32 1 51 8 27 31 52 21 40 47 4 55 25 49 53
7 2 34 54 13 6 29 16 41 31 5 55 44 12 30 22 19 24 10 3 40 15 26 46 38 50 11 39 51
8 45 39
9 15 43 33 11 45 21 22 50 30 55 3 13 39 51 27 24 2 23 48 18 7 4 26 38 32 16 35 41 10 34 19 31 40 29 56 37 17 12 14 47 20 36
10 16 56 12 9 53 21 33 40 5 41 18 6 36 14 54 37 50 3 35 43 28 22 47 46 27 13 23 2 17 52 19 49 34 26 32 24 45 1 39 7 44 48 20 8 29 25 31 55 30 51 42 38 15 4 11
11 39 45 43
12 52 22 19
13 24 18 26 27 35 29 32 41 5 48 8 40 39 55 21 3
14 46
15 26 35 43 17 34 4 25 2 33 56 28 21 45 46 31 55 9 10 24 42 41 19 53 40 18 13 52 37 48 50 6 22 29 20 32 30 44 51 39 36 5 47 12 16
16 44 2 36 8 22 29 20 30 54 15 1 10 37 28 38 3 56 23 50 48 42 45 55 43 19 9 47 33 12 27 4 13 46 6 18 21 17 24 41 39 32 53 7 26 40 35 11 51 25 34 5 49 52 14 31
17 14 42 43 4 38 20 19 8 18 54 32 51 25 52 36 22 7 50 27 16 1 44 2 31 34 49 53 45 30 40 6 33 29 26 48
18 11 42
19 32 12 24 29 53 34 30 26
20 28 23 2 29 5 3 52 19 12 27 30 51 8 53 43 46 42 34 18 41 25 17 1 13 49 54 9 45 35 14 31 32 24 33 26 10 16 4 22 50 15 37 6 11 21 40
21 7 43 12 13 4 35 52 8 17 42
22 33 55 46 35 28 25 36 19 27 7 51 6 53 47 49 11
23 24 15 44 9 12 32 37 38 27 7 46 13 14 26 3 11 28 47 10 55 34 51 22 40 36 30 29
24 25 37 29 42 56 16 40 35 26 21 31 28 33 34 10 53 50 11 15 23 6
25 15 44 7 52 45 40 16 12 13 47 23 39 20 55 50 19 4 34 27 8 26 30 54
26 11 14 41 52 44 8 40 13 54 25 24 22 15 47 12 55 37 18 20 16 36 51 56 19 31 43 21 34 10 5 29 46 50 33 45 2 35 17 32 49 30 6 4 28 7 42 1 53 9 27 48
27 25 23 22 16 45 50 4 11 21 24 37 7 46 19 35 13 52 6 32 53 44 56 51 15 36 10 33 54 49 26 29 3 48 14 31 18 47 55 42 34 40 41 17 38 30 8 5 43 20
28 41 27 44 31 26 17 15 21 3 18 6 37 43 16 23 51 46 32 52 33 14 12 47 8 39 13 30
29 14 2 43 48 9 44 13 35 25 22 20 28 39 11 47 32 41 40 24 38 3 30 50 16 54 23
30 11
31 8 25 10 40 34 28 1 35 37 13 38 55 29 52 3 45 32 11 51 18 21 33 15 30 36 7 22 12 42 19 4 44 17 53 24
32 39 6 30 9 53 50 51 3 28 25 23 44 19 17 54 42 37 2 7 36 21 46 14 10 31 4 22 41 12 49 34 15 48 11 16 40 1 18 29 47 27 5 13 56 35 45 8 55
33 17 49 32 19 38 5 11 1 28 35 47 25 39 56 10 16 44 54 55 29 51 26 53 45 23 41 8 24 3 14 42 52 6 48 12 30 31 21
34 10 3 24 16 28 27 15 43 11 49 12 26 20 52 13 42 40 36 22 17 7 33 54 51 48 55 29 1
35 12 38 34 11 42 25 41 4 46 47 48 10 6 5 27 21 36 24 1 15 49 3 16 53 45 28 44 19 8 50 43 17 7 29 56
36 13 3 53 45 39 24 50 25 42 51 29 47 46 26 38 5 34 16 41 19 56 55 8 6 2 1 23 48
37 8 28 7 21 25 39 13 32 9 11 19 50 31 34 44 18 2 56 3 43 29 4 52 46 20 24 49
38 50 18 26 54 8 12 33 39 40 9 37 48 45 3 34 23 25 22 21 35 19 55 4 28 32 52 17 30 27 7 6 16 24 42 15 53 1 56 43 14 41 5 44 49 51 2 11 10 29 13 20 46 47 31 36
39 38 42 10 15 21 45 48 19 50 5 25 29 1 18 17 9 2 27 34 33 52 53 26 54 4 12 3 22 20 35 13 46 30 32 6 40 11 14 16 36 47 44 51 24
40 32 49 37 13 46 36 1 23 9 16 51 8 18 24 52 15 5
41 39 50 25 12 35 4 29 40 45 56 51 24 31 7 3 22 10 37 46 17 34 55 13 49 8 1 18
42 52 43 54 19 33 16 27 9 13 3 5 37 8 36 32 17 50 24 14 47 56 35 46 12 11 55 49 28 34 21 48 20 26
43 40 11 52 22 20 39 56 8 16 46 27 15 30 23 47 42 14 32 37 50 1 9 13 36 17 48 38 55 12 44 18 49 5 25 7 21 3 31 51 33 10 28 26
44 11 33 45 48 54 1 20 9 18 19 36 27 14 40 41 50 26
45 8 37 5 17 36 46 11 35 38 23 16 34 44 22 25 48 55 7 39 40 1 51 32 43 14 56 50 30 24 52 10 28 13 21 15 53 54
46 30 24 1 32 35 39 2 41 50 51 18 42 54 6 4 17 55 23 45 22
47 41 3 27 18 9 4 12 48 26 42 5 39 24
48 2 26 43 52 36 39 45 15 3 14 53 21
49 47 37 26 25 46 18 2 44 9 12 5 16 8 6 45 51 50 43 36 23 13 11 56 21 48 1 24 3 32 14 27 15 38 30 52 10 31
50 44 7 19 54 21 45 38 31 12 53 46 18 20 4 40 42 2 29 36 41 24 14 22 17 55 5 37 1 11 56 51 39 49 6 26 15
51 53 1 26 37 36 24 10 33 38 41 31 46 14 45 12 43 22 25 49 19 23 21 8 35 44 50 3 9
52 34 43 18 50 11 41 22 35 19 9 5 2 40 30 39 10 54 8 25 36 49 28 13 56 29 1 21 20 55 44 17 32 33 12 4 38 6 26 24 23 45 14 53 3 16 31 27 47 37 51 15
53 33 34 1 12 46 16 56 31 36 6 50 47 27 5 49 39 38 45 43 44 29 7 13 18 20 40 25 55 10 30 35 21 37 52 11 14 15 41 51 24 48 32 42
54 12 35 21 2 15 33 31 19 27 45 44 14 5 40 51 38 50 7 1 30 6 11 17 49 4 55 29 13 34 10 41 42 36 43 23 28 52 56 3 32 22 25 48 18 16
55 56 34 28 12 7 39 33 10 6 40 32 3 38 51 47 42 46 5 30 27 8 16 54 37 52 25
56 48 25 28 42 34 4 40 14 6 38 11 31 46 5 43 49 17 10 26 8 24 19 44 9 45 22 55 50 20 15 54 13 2 47 33 3 23 27 18 51 12 7 35 37 21 52 36 29 30 53 41 39 16
