119
1 74 5 16 37 104 62 108 88 101 19 26 72 107 58 35 20 78 99 102 25 67 105 50 79 100 96 31 119 98 114 103 28 116 43 69 55 52 117 38 34 91 53 115 2 3 111 61 110 82 46 23 93 44 70 64 92 118 30 4 83 54 41 77 17 47 10 27
2 45 39 100 4 28 40 95 43 78 80 12 20 21 19 38 41 109 47 31 29 57 74 87 56 99 63 9 75 36 104 79 52 50 105 85 25 6 94 97 107 83 59 71 46 11 3 62 14 66 48 103 30 67 1 70 76 24 34 102 84 18 27 98 13 7 17 89 33 22 35 64 69 110 15
3 102 105 94 46 59 30 113 41 90 2 70 48 60 19 42 92 91 22 53 115 61 26 39 110 80 50 43 64 108 34 55 117 100 13 95 97 77 87 73 23 93 25 84 118 31 96 20 9 62 8 38 32 16 10 56 85 5 76 101 11 109 52 28 106 49 86 57 89 114 79 36 74 40 18 99 7 75 15 33 54 6 12 88 98 83 66 58 112 29 51 21 14 78 119 4 63 27
4 40 116 23 8 57 95 41 50 54 28 104 14 68 10 77 87 20 78 90 66 98 96 61 48 3 11 6 94 2 102 65 46 108 72 53 13 9 113 83 112 79 119 74 16 52 67 19 103 30 105 100 114 55 43 91 49 35 22 106 56 84 117 58 12
5 17 55 96 79 24 89 88 28 70 35 40 27 84 106 97 94 57 71 44 110 116 80 32 75 108 48 95 36 14 16 85 105 91 114 101 119 81 65 6 51 4 52 50 8 111 47 78 104 10 112 66 76 7 74 29 34 113 69 37 31 54 73 39 118 1 100 62 72 38 99 90 49 20 87 117 68 12 2 22 77 115 43 33 30 63 92 102 18 23 3 45 26 59 82 64 9 11 67 93 98 58 107
6 89 110 46 78 118 27 109 86 70 33 103 26 104 12 108 54 80 87 64 56 42 52 71 61 72 100 22 88 77 67 9 39 11 3 24 76 98 23 85 1 18 50 45 73 38 75 105 114 53 111 21 65 25 41 107 14 47 35 48 44 51 97 83 106 20 112 13 16 102 95 92 113 68 62 49 28 84 32 99 8 82
7 113 41 49 82 101 104 69 112 103 27 30 77 65 111 26 61 83 74 119 44 87 16 93 80 58 28 76 94 1 67 22 37 40 110 39 17 15 91 34 42 6 75 114 2 96 23 109 50 55 89 105 33 35 47 116 107 31 99 5 54 98 73 79 117 92 18 88 36 12 14 25 48 53 43 66 10 68 45 21 4 115 9 60
8 18 17 19
9 117 107 55 118 101 24 99 40 6 108 89 7 82 94 88 103 27 30 29 97 65 1 111 11 91 104 72 109 74 5 45 44 12 66 16 37 62 68 54 98 112 20 31 80 36 115 90 39 48 63 93 87 35 116 102 100 105 51 23 106 77 46 113 43 17 96 57 14 81 50 10 92 2 4 52 67 25 60 56 114 41 69 110 73 34 86 15 70 85 119 13 59 3 22 18 8 58 42 28 79 53 33 47 64 71 21
10 65 9 14 96 37 80 85 51 74 81 62 63 26 5 35 27 64 83 114 82 72 102 89 18 28 59 77 46 61 93 24 105 79 17 45 104 12 88 40 75 38 39 7 112 84 13 119 58 48 101 20 21 52 8 32 22 54 33 30 31 87 19 70 76 67 50 117 113 90 106 44 68 107 103 91 49 29
11 40 59 98 43 3 5 48 15 42 19 13 28 81 105 73 71 69 75 106 61 80 21 4 46 64 6 95 70 99 115 88 65 29 117 12 49 26 108 2 31 18 39 22 119 110 8 118 114 38 53 86 96 113 91 62 94 90 72 14 93 56 67 79 50
12 21 69 76 33 109 70 29 23 99 60 72 19
13 29 75 117 54 119 74 80 19 32 41 51 105 113 6 115 33 3 96 104 34 59 62 103 85 88 100 70 87 46 7 99 63 83 45 69 58 16 8 50 68 44 109 90 36 61 17 31 102 55 20 84 38 60 78 116 18 77 112 82 24 39 22 48 43 5 95 11 76 21 26 108 25 40 67 81 89 101 9 97 52 35 111 65
14 96 48 57 105 46 92 31 66 42 27 72 35
15 21 105 52 26 107 49 58 34 40 78 13 4 35
16 45 51 3 82 74 30 79 9 47 8 40 42 71 7 111 59 66 27 20 116 110 56 29 6 23 36 43 107 68 39 112 37 14 22 76 108 91 96 93 57 75 95 62 97 26
17 114 65 67 53 105 28 46 40 15 32 7 31 85 11 110 93 97 62 100 19 82 117 77 84 118 72 70 103 87 95 64 6 3 24
18 6 78 110 66 31 118 52 63 8 32 1 61 75 79 40 54 50 102 49 51 26 114 23 77 30 59 22 103 56 107 15 42 13 88 91 98 101 100 48 41 5 45 36 25 112 17 82 109 94 90 43 47 9 20 34 28 84 116 7 87 99 24 11 81 76 71 38 4 97 68 72 60 105 53 95 19
19 116 112 8 78 98 76 4 73 52 77 7 114 80 75 33 103 63 17 88 22 37
20 71 113 29 13 89 75 78 60 41 5 98 103 70 32 27 11 10 91 21 46 106 116 22 112 43 58 84 101 17 59 24 25 104 97 114 79 39 38 9 56 110 108 99 53 36 83 107 102 40 72 93 52 81 42 62 31 115 3 118 82 19 50
21 58 43 62 18 80 105 45 46 2 82 81 86 12 50 3 71 109 64 116 19 11 42 95 96 17 35 4 8 113 44 53 90 65 54 29 33 118 91 119 25 70 23 84 22 39 15 13 77 7 32 67 72 34 74 41 40 51 112 104 60 106 55 36 98 56 92 93 63 16 48 87 78
22 83 81 41 67 42 71 13 63 2 72 84 78 39 3 31 115 110 47 48 119 38 80 15 88 57 34 104 53 21 54 73 117 8 35 52 29 86 109 25 97 99 12 10 36 6 51 91 102 65 108 116 40 107 37 18 46
23 29 20 37 80 87 22 39 60 69 35 95 117 46 34 13 83 18 53 56 111 92 108
24 9 112 91 6 30 100 31 108 39 88 49 82 71 62 58 55 113 92 68 99 56 107 77 42 25 46 67 117 23 28 15 14 94 50 35 2 80 76 75 73 97 43 47 105 63 38 96 103
25 19 35 22 98 1 38 72 43
26 107 47 32 15 40 67 78 89 105 97 113 2 58 12 85 109 43 74 110 14 33 88 1 3 48 65 52 93 22 108 94 16 8 54 18 17 103 28 106 49 53 7 80 9 102 35 38 64 11 83 60 119 6 91 46 30 25 29 68 55 100 73 44 118 66 71 41 63 86 77 4 37 5 114 62 27
27 70 8 119 105 79 9 112 58 107 15 21 20 61 100 3 51 55 33 97 49 80 10 13 77 84 113 53 36 26 92 78 110 19 103 23 4 115 95 69 48 102 41 54 91 89 111 116 64 16 104 68 87 52 85 96 71 28 57 81 2 82 109 38 50 65
28 65 9 63 102 22 111 17 21 19 51
29 87 46 6 44 84 28 13 10 73 79 70 83 96 48 105 42 69 20 17 1 2 66 74 9 82 53 43 115 102 19 109 76 24 91 32 36 108 45 99 95 94 16 88 81 59 106 23 31 65 113 51 30 14 35 12 80 89 57 33 40 111 22 58 39 25 103 61 78 101 34 112 97 3 90 114 98 92 21 11 67 75 7 54 118 52 68 37 60
30 64 46 119 53 68 43 47 15 91 107 112 55 80 75 71 88 77 57 85 81 62 52 9 89 16 59 86 26 58 113 115 98 93 19 111 118 73 38 21 114 42 20 117 33 109 28 14 25 92 36 72 40 7 61 87 63 84 74 103 65 83 90 18 13 105 3 94 37 44 82 29 48 4 32 2 78
31 99 73 8 6 110 117 94 49 4 66 80 114 100 59 50 35 111 91 43 27 63 56 67 95 68 57 77 47 29 81 17 102 33 42 84 45 69 72 44 40 65 88 41 85 78 62 9 34 60 28 38 74 14 112 3
32 10 101 28 112 67 66 64 23 76 90 104 91 69 93 22 17 60 39 70 62 5 79 94 72 37 52 59 119 30 31 106 86 73 55 58 108 14 15 81 27 24 84 2 116 34 83 41 3 115 103 51 82 65 6 68 54 110 78 99 92 48 75 61 11 49 96 19 88 118 25 74 97 53 89 109 87 18 80 100 46 4 8 77 35 98 111 43 42 102 16 13 29 33 44
33 36 20 83 45 69 48 12 80 49 51 119 5 22 42 17 87 19 27 74 97 66 40 3 68 89 94 76 84 71 117 111 90 29 30 50 57 58 2 92 101 32 4 46
34 31 119 7 93 96 76 68 79 50 91 12 106 26 74 94 81 23 107 89 116 14 45 8 40 83 52 13 104 112 118 109 58 56 15 29 66 25 33 62 57 87 18 98 54 88 38 69 63 41 71 65 22 90 9 3 47
35 103 80 95 6 59 48 37 82 69 33 16 97 57 91 119 63 50 45 81 88 56 36 62 86 71 75 42 108 68 9 11 89 99 3 110 101 70 43 21 51 49 32 52
36 3 39 70 63 5 80 76 19 46 79 114 109 113 89 58 43 101 44 8 56 97 28 34 73 87 16 21 54 105 41 81 96 25 47 29 27 77 52 17 60 69 37 7 108 110 78 95 102 18 98 57 119 61 24 115
37 7 73 40 93 83 23 61 69 15 75 57 35 117 60 98 119 19 82 100 16 38 58 103 66 36 114 109 17 101 113 87 115 91 11 53 3 21 46 64 33 68 59 13 55 90 1 32 5 8 14 25 10 102 26 111 2 106 79 42 52 72 96 71 56 74 29 110
38 105 74 9 11 96 16 13 34 21 98 10 1 52 99 24 27 95 103 26 94 41 108 29 89 57 3 23 111 2 75 86 8 62 33 36 32 39 100 71 5 109 87 4 69 42 65 85 59 50 72 58 30 45 6 92 67 114 101 22 77 93 7 14 118
39 40 85 32 48 15 13 80 104 23 3 95 68 14 37 25 64 101 79 69 100 92 109 112 46 90 45 42 17 94 43 75 53 19 103 88 49 110 107 97 22 34 118 7 54 8 111 59 30 28 98 102 119 117 65 76 35 51 47 29 21 2 73 77 5 36 58 108 38 66 83 60 113 72 52 9 20 91 71 6 115 63 105 44 55 99 11 116 61 70 56 24 86 82 12 114 50 106 27 96
40 81 79 56 112 23 28 37 118 74 65 46 95 61 86 94 26 57 36 32 80 76 10 83 43 27 51 48 75 13 102 110 49 38 19 7 105 55 100 2 9 119 98 52 107 59 12 29 70 97 92 88 25 53 117 42 111 91 33 87 89 8 44 17 84 99 15 106 90 68 14 115
41 67 56 2 64 115 17 106 54 43 69 84 93 50 19 111 26 98 46 14 116 113 57 30 36 47 52 10 83 101 51 119 75 3 62 13 44 103 109 16 7 92 110 37 23 9 87 39 6 81 32 73 95 60 42 18 68 70 5 86 88 45 1 85 82 34 89 91 66 90 25 20 79 28 102 71 78 4 12 112 15 105 96 80 59 114 108 31 11 74 49 58 63 61 8 77 48 107 65 24 97 33 21 94 22 55 99 53 118 35 72 76 38 117 27 29
42 53 43 114 50 10 39 20 49 69 74 113 8 79 70 12 112 30 109 80 93 41 57 95 67 106 65 77 72 101 115 54 36 3 118 98 29 5 32 6 61 75 13 14 104 16 117 52 25 46 27 56 96 76 68 119 100 17 18 84 66 103 60 40 85 48 88 11 94 2 55 89 15 22 9 44 82 64 59 21 87 92 90 108 97 33 45 31 107 23 37 62
43 19 76 39 85 107 63 83 72 81 78 101 104 53 3 69 11 32 46 112 97 35 9 56 34 20 98 68 102 59 8 62 25 17 15 71 96 14 70 18 82 4 49 13 65 1 33 77 44 30 61 51
44 117 101 56 81 114 98 58 75 87 64 22 119 118 84 96 82 95 52 66 36 25 47 69 99 12 28 89 33 37 94 17 1 26 9 40 15 7 21 34 31 76 35 41 107 42 39 78 77 8 48 18 92 74 71 105 29 65 4 51 5 53 62 70 20 73 93 43 57 55 10 46 63 2 38 97 32 72 111 90 106 80 108 61 6 13 109 30 113 79 16 102 14 27 60 11 3 91 59 116 88 50 115 83 85 103 112 24
45 17 59 32 51 103 69 4 42 109 60 67 80 92 63 37 119 84 62 104 25 18 72 68 74 3 89 105 56 11 93 44 98 48 112 24 16 88 52 78 106 26 73 8 34 38 9 101 21 100 85 31 39 46 49 53 35 94 28
46 36 66 82 102 23 11 75 10 45 118 28 84 96 94 76 90 70 92 35 38 17 60 112 115 109 119 108 111 52 62 98 97 7 89 68 15 24 42 33 106 113 39 21 1 3 61 87 27 56 49 110 9 6 74 65 51 105 5 43 114 4 30 26 54 57 107 116 88 67 78 22 19 8 25 77 93 86 47 14 73 31 69 79 95 41 53 64 48 72 101 117 44 71 32 63 29 59 50 81 2 91 13 85 55 103 80 16
47 99 40 58 114 89 107 3 87 94 42 109 86 29 103 79 11 38 30 2 19 54 93 41 113 92 27 81 32 34 73 22 20 76 51 1 70 15 74 96 14 91 115 39 21 118 105 64 98 46 44 71 18 55 56 50 25 6 66 10 7 49 85 48 65 17 80 13 67 95 24 104 36 23 57 35 111 72 82 5 45 52 90 63 69 53 119 100 9 97 8 84 117 59 116 16 12 77 43 102 33 101 4 112 108 26 37 110 60 75 78 88 83 68 106 28 62 31 61
48 105 109 12 45 53 17 108 91 114 117 6 89 34 15 24 115 95 7 4 19 18 59 83 5 87 111 107 20 71 75 52 86 65 100 103 67 81 98 23 63 3 104 10 29 64 54 85 84 27 14 38 66 88 61 9 82 1 55 51 70 11 92
49 16 61 74 108 66 40 93 58 84 64 43 41 52 8 13 86 114 45 79 95 9 57 56 100 85 106 99 7 21 71 37 1
50 56 58 23 72 32 74 16 15 54 27 99 116 108 98 93 97 37 84 71 35 90 55 52 46 119 1 26 109 38 87 107 100 101 4 105 18 14 20 118 78 76 86 85 66 114 88 102 64 13
51 92 113 4 69 80 98 79 53 70 110 57 68 8 33 14 106 30 48 87 24 114 86 118 67 96 35 64 32 15 36 31 101 83 58 21 72 49 2 12 109 103 56 102 42 25 105 60 93 50 44 13 85 82 61 29 3 47 76 11 95 7 73 39 62 1 55 38 20
52 41 63 51 37 119 24 105 19 98 68 74 35 93 86 59 95 32 29 87 67 82 49 96 65 88 42 77 92 76 18 99 17 34 84 89 61 14 113 16 1 64 26 70 7 66 118 48 71 20 106 39 57 101 6 40 114 5 38 8 25 13 60 11 102 81 12 3 73 108 23 103 47 112 31 116 80 46 45 22 56 109 54 91 55 107 2 110 100 62 97 94 4 115 79 78 9
53 47 64 45 90 114 111 42 116 87 55 5 56 93 16 119 63 49 101 112 39 11 54 24 78
54 99 2 36 4 57 35 86 50 94 53 65 114 80 20 43 112 8 33 25 10 39 79 97 18 67 116 34 75 103 70 101 37 106 84 108 92 15 89 49 56 13 29 105 68 48 6 62 102 21 42 1 107 81 52 90 100 59 96 14 58 83 23 109 28 78 113 51 40 119 55 110 66 76 87 45 30 61 104 93 5 26 19
55 92 22 100 105 83 103 21 63 1 48 36 47 71 52 112 106 72 65 34 66 84 15 11 74 104 90 78 44 107 28 116 49 13 31 54 35 19 38 87 88 115 67 85 61 64 91 108 23 42 80 29 113 4 89 57 26 3 33 86 101 70 39 68 79 94 69 102 41 5 119 56 50 73 40 109 30 10 96 76 99 8 7 110 111 24 117 53 97 6 75 60 17 77 27 25 93 9 118 20 98 12 81 95 37 43 18 45 2 59 46 51 32 114 16 58 14
56 86 39 59 75 81 106 68 15 41 94 51 29 107 44 66 76 117 90 98 49 72 110 95 105 99 13 60 45 111 115 30 9 37 57 28 55 114 97 102 69 96 32 2 109 27 3 21 85 116 5 77 58 82 54 89 11 64 18 26 61 113 119 71 17 19 84 36 100 6 101 62 46 108 93 31 53 78 87 80 74 22 67 91 38 14 42 48 10 83 79 103 70 7 112 33 25 40 52 73 1 104 35 16
57 17 39 99 25 51 54 32 93 80 92 108 20 10 112 106 16 84 46 97 89 11 31 61 118 76 113 4 27 56 40 12 81 24 116 37 62 110 7 96 74 58 41 95 71 83 94 109 82 73 87 9 28 14 13 66 103 8 68
58 99 46 14 20 44 19 100 23 80 110 28 59 57 114 8 34 33 76 112 11 104 16 1 26 3 6 47 62 103 91 24 36 74 66 83 75 94 45 43 70 113 31 115 106 35 98 68 50 89 12 27 41 52 82 67 32 29 9 18 63 61 37 81 87 13 95 102 53 25 54 88 38 111 85 56 17 4 49 93 15 64 116 42 96 40 79 71 84 97 7 77 109 22 73 108 48 72 92
59 105 74 44 17 78 96 110 100 30 112 55 60 90 23 8 72 51 34 107 87 22
60 109 51 110 12 32 48 20 55 26 38 31 24 71 65 101 87 111 62 39 30 100 54 113 68 52 44 29 98 42 21 99 41 105 76 102 56 115 3 35 106 16 73 79 93 114 6 75 10 86 92 34 15 50 22 66 104 27 108 116 40 85 77 69 97 81 36 37 67 14 107 33 103 90 112 17 95 64 4 74
61 40 71 76 88 6 24 25 93 70 65 12 56 54 17 119 1 18 47 45 9 46 84 36 68 90 50 97 101 7 94 2 99 69 44 78 83 86 79 31 104 59 10
62 86 45 40 78 13 2 117 97 55 53 24 85 70 89 7 39 34 15 79 9 96 94 38 48 81 101 28 44 27 25 95 71 100 93 33 72 14 20 60 17 32 26 68 52 80 11 10 43 4 104 56 82 103 77 105 50 5 49 58 76 8 47 106 99 118 69 42 73 88 98 18 21 19 64
63 44 49 61 27 115 112 108 82 94 56 62 90 43 40 64 9 39 83 107 60 104 14 70 85 11 81 38 15 2 58 99
64 87 71 106 6 25 38 50 82 56 44 59 15 104 77 34 20 41 88 113 32 9 2 79 119 30 63 116 48 16 21 7 75 80 28 61 78 74 81 93 12 89 91 67 26 84 35 14 8 110 94 92 13 33 42 108 49 96 114 105 43 53 37 76 98 86 23 46 112 102 24 27 58 4 117 47 72 40 60 5 55 99 10 103 29 95 101 18 36 68 115 31 70 1 52 107 118 54 73 111 39 90 83 66 22 3 45 69 100 97 57 62 11
65 49 74 6 59 27 100 3 41 79 55 16 7 114 44 87 58 82 42 107 18 89 96 109 84 68 104 50 38 111
66 5 56 108 57 4 68 70 74 32 61 90 27 20 107 8 62 79 105 80 11 49 92 59 75
67 113 57 36 32 108 89 15 5 18 78 44 33 46 38 104 66 82 68 71 59 35 23 112 24 85 79 91 2 93 49 56 50 60 106 90 19 40 94 69 117 88 114 34 97 92
68 77 91
69 91 93 64 78 10 5 71 45 70 35 99 66 60 31 47 85 83 44 59 95 73 87 97 67 111 14 8 110 74 103 11 54 92 19 7 20 23 112 29 63 27 50 43 86 89 68
70 77 15 48 47 73 113 6 24 27 13 108 83 96 9 31 79 71 80 18 41 5 54 91 87 82 81 17 21 118 101 37 85 53 62 117 10 104 68 116 2 32 38 7 86 11 20 22 51 84 34 111 57 95 45 26 16 110 67 66 92 102 55 42 115 107 78 52 99 30 36 44 114 93 89
71 21 68 57 28 62 51
72 90 119 108 62 89 49 107 95 21 76 27 80 109 67 44 47 11 74 81 97 54 18 2 40 42 46 37 26 17 35 73 52 15 71 13
73 57 26 27 15 45 11 30 92 101 50 71 34 83 106 82 21 10 4 41 58 33 60 6 12 61 79 38 109 93 2 29 107 68 3 80 88 37 102 85 119 59 78 116 14 16 40 108 36 7 115 51 55 54 100 62 8 1 98 118 112 117 63 48 28 110 5 91 94 90 43 42 49 113 76 44 9 66 56 20 96 84 64 77 103 24 87 105 97 114 65 25 69 70 39 53 95 23 22 81 13 17 19 35 89 104 47 67 75
74 16 10 69 2 44 7 81 70 68 35 105 45 118 21 34 54 71 84 15 14 112 63 80 98 83 57 29 55 9 108 25 91 40 27 53 32 61 20 86 24 41 52 116 67 99 3 93 96 106 88 17 87 77 11 42 92 97 36 8 59 110 90 66 119 94 114 48 6 37 64 13 4 12 49 95 23 100 79 50 46 31 109 62 28 1 47 39 38 89 65 18 19 111 73 117 104
75 29 100 69 32 59 85 26 96 88 81 118 109 67 94 62 104 105 16 39 42 106 44 71 28 60 54 119 92 50 103 61 52 56 102 27 87 63 8 76 22 3 112 116 17 77 37 15 74 83 93 13 82 36 89 51 95 34 19 35 31 99 80 38 91 23 21 33 25 24 55 114 111 7 115 40 72 47 9 64 65 1 68 86 49 41 110 46 4 30 18 117 10 43 6 70 2 58 97 12 78 53 98 84 11 57 66 5 90 101 113 20
76 67 23 53 70 96 24 104 72 112 117 16 68 46 26 55 110 90 3 82 37 113 119 40 61 35 10 54 58 98 1 9 111 107 87 56 65 64 71 32 62 34 13 63 99 19 5 50 75 69 45 80 41 114 57 47 39 27 48 79 103 88 7 18 17 94 28 81 101 84 14 73 89 97 78 83 60 22 12 2 59 52 38 95 44 86 106 42 116 105 66 100 25 51 4 15 77 118 36 109 108 33 21 74 31 43 91 115 6 20 30 11 92 49 85 93 102 29 8
77 22 30 56 28 60 101 46 55 95 26 10 43 33 82 87 69 83 118 63 7 72 36 53 94 50 44 117 64 109 73 96 8 106 13 110 20 98 35 91 99 79 115
78 10 50 118 114 26 105 94 46 37 56 81 85 4 119 21 87 42 30 84 23 75 93 99 80 65 91 72 52 109 83 117 33 41 116 98 13 49 55 112 82 7 66 5 90 38 25 44 111 71 96 47 103 8
79 104 44 89 29 2 8 37 86 91 6 58 113 43 50 103 13 15 19 118
80 53 39 70 22 59 119 78 50 86 1 18 58 65 77 28 106 63 44 117 110 118 103 66 8 82 34 79 23 116 56 62 74 35 54 49 69 89 76 32 91 109 45 68 47 13 16 48 75 12 9 30 60 5 55 61 36 11 112 25 113 71 29 101 64 72 24 27 84 20 2 115 14 7 52 73 17 26 93 4 81 90
81 19 92 96 25 58 93 105 117 7 37 68 114 112 59 103 32 39 27 47 111 11 31 40 28 12 74 26 77 102 10 76 44 106 62 98 65 116 57 2 90 109 67 36 48 94 110 14 73 88 84 20 56 64 78 87 45 83 69 52 108 86 46 79 75 18 101 60 3 13 70 54 24 23 66 82 107 118 17 4 97 49 15
82 7 90 36 12 79 41 9 50 78 54 27 95 99 1 88 30 64 48 86 46 105 28 111 19 116 53 43 67 44 59 97 6 17 33 15 49 63 104 51 109 81 66 106 23 16 91 96 52 102 25 4 47 92 14 107 8 89 110 68 22 24 70 45 85 117 72 75 34 11 93 74 38 103 21 26 118 71 60 37 77 5 42 55 108 3 101 114 35 119 65
83 106 72 84 117 110 98 56 60 34 116 28 3 96 94 97 91 58 5 111 108 21 88 35 109 36 75 16 68 57 103 10 102 67 64 119 24 45 114 66 73 30 54 7 74 71 70 61 20 78 100 4 26 81 86 15 55 63 27 31 95 105 99 12 22
84 8 21 109 92 52 31 64 45 70 96 53 44 47 29 59 7 13 60 3 48 81 118 93 56 35 86 4 80 54 73 15 79 58 106 33 95 28 57 17 116 67 82 14 74 38 51 111 55 68 30 117 37 72 107 16
85 73 68 41 19 80 44 39 8 54 105 49 15 55 60 35 95 66 51 34 90 81 48 17 37 50 14 70 71 9 59 74 118 116 61 23 101 102 72 4 111 92 40 98 87 89 77 26 12 2 28 6 56 46 117 119 29 24
86 23 67 83 34 108 119 48 69 93 52 20 68 87 25 53 30 21 33 57 11 91 49 58 9 112 79 94 2 117 75 39 13 60 76 115 96 88 111 66 92 24 80 109 118 3 1 105 84 99 12 81 77 104 32 61 56 62 95 59 50 106 114 35 45 4 28 55 85 113 64 89 73
87 88 72 41 89 48 25 50 4 110 84 95 64 55 60 51 69 22 44 26 10 18 103 45 43 66 80 7 17 100 65 86 53 81 68 42 61 58 13 106 116 32 49 24 59 67 79 91 78 38 93 98 27 105 30 31 92 39 5 118 114 29 23
88 103 92 42 47 72 75 30 80 66 116 58 41 32 3 110
89 112 53 16 12 58 65 1 49 119 46 13 30 108 34 84 29 68 38 42 99 19 47 35 107 88 54 40 59 22 118 57 20 15 96 51 62 95 80 85 103 61 114 17 3 106 111 70 56 28 6 55 33
90 50 52 20 28 14 84 37 21 94 64 100 107 93 16 22 70 11 80 54 102 31 55 24 46 40
91 13 44 100 3 34 85
92 104 63 95 16 110 37 27 55 105 83 4 52 31 50 47 21 20 64 13 24 51 77 54 17 42 28 2 102 49 100 35 39 19 36 68 53 45 86 32 103 58 5 98 57 22 88 61 97 107 40 84 34 41 59 30 14 65 18 87 74 6 106 71 66 90 99 111 80 78 79 116 48 93 46 29 118 82 76 26 3 62 96 70 117 38 91 112 23 1 12 115 33 44 94 113 7 8 101
93 61 67 55 28 51 48 106 65 107 12 17 6 115 56 87 8 27 5 81 40 82 97 117 13 101 91 3 42 18 29 77 53 113 88 95 45 32 11 31 39 105 1 70 4 41 69 57 119 118 9 84 86 19 83
94 45 5 2 52 7 54 49 3 9 115 87 106 74 109 107 55 48 119 97 17 10 81 85 93 84 59 103 72 27 104 58 101 43 80 98 56 96 38 13 86 4 65 15 79 111 33 51 70 53 23 16 110 66 31 67 116 77 18 42 57 1 68 73 32 50 6 46 71 35 22 25 8 44 64 90 102 30 112 34 83 75 21 40 69 91 118 36 28
95 59 32 28 118 53 29 108 73 52 72 79 43 111 15 38 46 3 110 19 68 22 92 17 82 27 69 62 96 7 39 86 12 78 50 90 51 84 103 31 99 112 10 2 64 45
96 21 63 55 67 58 94 86 15 54 107 70 69 73 14 30 102 11 119 68 38 83 22 114 29 101 3 2
97 115 103 48 67 116 18 38 74 93 106 59 27 105 2 85 22 65 1 35 79 76 95 107 9 114 58 7 68 88 113 102 72 29 49 89 77 28 78 6 40 8 73 75 36 5 52 44 90 23 62 51 11 26 14 112 80 31 21 99 34 4
98 99 68 65 27 50 26 10 106 11 24 55 48 38 94 37 118 105 86 59 92 63 81 6 28 97 82 40 23 107 8 109 7 85 30 22 58 3 78 4 31 43 93 29 53 60 15 12 64 13 88 83 19 62 16 117 90 66 74 79 45 14 84 47 77 54 114 51 5 34 44
99 71 78 116 13 35 55 28 111 5 70 18 76 15 72 42 47 113
100 24 80 112 37 111 49 96 5 113 63 21 7 46 43 117 66 85 35 102 9 6 47 93 11 2 68 38 74 17 29 99 52 114 50 72 40 45 55 97 118 110 39 4 31 92 70 57 83 75 65 16 34 103 26 90 41 109 51 8 59 19 64 106 81 101 25 12 27 89 105 33 28
101 29 102 116 34 26 17 42 99 55 92 83 56 67 10 117 115 85 81 52 119 61 33 45 50 48 69
102 97 4 19 83 51 10 92 95 108 77 31 16 5 34 110 38 65 29 57 47 117 100 94 115 80 37 13 113 33 72 35 55 84 60 63 76 86 17 46 8 41 26 25 9 11 61 75 112 15 73 36 67 49 85 93 42 62 99 103 119 7 81 21 40 71 27 32 30 6 59 3 69 45 23 56 22 79 50 18 98 82 43 70
103 106 73 95 78 59 24 9 87 39 50 38 41 74 53 112 55 15 65 86 23 63 113 76 79 104 57 101 91 70 26 2 31 60 51 111 5 68 107 61 22 8 1 13 35 18 42 64 109 21 96 72 84 116 37 80 27 88 43 69
104 93 15 37 47 102 19 81 33 53 85 117 95 56 51 70 91 7 94 65 71 22 50 40 55 78 98 17 1 10 109 20 14 24 58 21 115 86 112 43 25 97 48 3 54 18 99 27 8 82 45 2 60 61 96 80 66 92 101 100 9 29 103 89 72 57 64 106 34 44 83 90 69 35 76 52 108 36 88 32 28 16 31 30 74 119 23 4 62 111 68 67 118 5 75 38 59 39 84 41 77 12 107 110 13 49 26 6 42 105 63 11 114 116 87 113 79 46 73
105 54 96 7 118 35 19 38 97 80 107 72 27 79 34 5 87 91 73 61 58 90 37 42 65 36 52
106 80 107 74 10 17 88 111 71 99 94 16 65 19 56 44 18 79 113 86 116 119 110 85 11 89 4 50 48 78 82 70 47 59 37 76 92 43 33 30 91 100 2 83 104 24 72 62 55 87 5 77 21 112 45 81 84 95 8 69 93 67 12 1 57 41 36 114 32 101
107 3 116 93 46 6 28 22 29 44 82 111 38 7 118 109 54 86 104 16 58 51 94 90 95 55 112 73 47 79 39 119 30 80 61 43 110 99 5 53 69 117 52 89 114 72 84 76 34 92 100 88 50 56
108 49 89 81 117 32 72 28 53 78 85 91 55 10 64 2 96 101 114 9 65 22 111 88 54 46 105 71 99 102 70 3 74 58 77 109 7 15 33 106 92 84 42 61 75 107 57 23 13 30 62 24 51 36 119 43 47 110 35 95 40 68 5 67 112 97 17 16 115 26 66 38 27 18 104 79 50 11 39 45 60 94 37 82 44 98 34 1 19 116 73 31 59 41 103 87 100 21 83 12 8 48 14 56 76 118 25 93 80 6 63 29 20 90 52 86 4 113
109 116 69 98 65 57 12 117 24 73 4 27 45 95 115 82 97 23 94 84 49 16 89 107 42 29 96 60
110 8 116 25
111 77 83 42 88 76 38 103 57 48 79 82 117 100 46 119 99 59 56 27 72 93 105 64 17 9 61 11 41 28 5 108 22 2 115 40 98 10 94 39 87 116 51 70 21 69 91 107 67 3 16 24 85 31 102 13 14 55 60 34 63 97 32 104 37 109 44 92 71
112 105 24 96 29 76 60 14 10 40 37 23 55 108 36 28 109 81 62 48 69 30 68 66 77 4 84 41 70 33 89 88 12 49 18 56 115 1 110 85 58 52 35 92 59 2 118
113 55 99 22 1 41 35 114 102 30 44 32 3 4 85 54 60 46 108 42 43 110 21 6 94 103 14 90 104 49 27 83 56 116 95 18 2 40 115 70 64 52 13 24 74 59 19 37 79 76 82 80 38 119 61 66 98 89 65 112 33 16 69 17 84 77 109 11 31 111 34 48 39 62 92 45 51 12 78 5 23 10 26 117 28 29 15 63 73 7 71 97 68 20
114 76 78 65 35 91 90 85 55 79 3 102 113 16 12 89 42 94 98 31 73 8 38 59 57 52 21 95 116 87 54 18 20 53 74 72 48 24 36 81 6 92 96 50 80 25 56 69 71 88 106 67 43 64 99 100 7 13 1 117 44 107 118 103 58 104 41 33 23 34 75 84 105 68 2 111 9
115 110 16 86 38 34 60 24 50 9 26 90 101 18 65 51 96 117 43 70 87 30 40
116 39 119 52 56 36 38 92 5 60 87 112 33 31 93 55 85 64 23 12 105 1 59 113 109 46 22 79 62 80 84 35 108 18 21 61 103 78 81 37 26 82 95 72 50 7 11 89 17 71 30 15 45 88 111 74 44 4 101 41 96 3 90 49 53 99 57 43 69 107 73 48 10 91 98 6 9 14 2 20 67 102 42 58 54 34 70 40 77 115 76 75 106 13 28 86 94 51 47 24 100 66 117 65 27
117 23 56 4 17 76 34 44 96 101 29 91 110 13 1 107 22 49 65 79 20 8 95 19 89 7 39 109 111 62 47 51 102 48
118 29 87 117 14 27 16 46 104 47 25 79 108 37 19 15 2 116 31 110 69 89 42 70 97 26 53 6 13 75 52 76 78 101 73 94 99 21 72 85 113 111 48 35 71 3 57 114 49 1 56 103 115 41 84 28 66 44 109 100 77 107 7 9 58 45 96 63 62 112 20 83 61 11 65 86 90 60 54 4 50 64 5 18 92 36 39 8 80 40 98 102 105 10 55 59 34 81 43 51
119 26 82 72 111 52 68 73 31 107 84 58 112 90 110 36 47 43 108 49 63 35 27 6 34 77 117 80 17 21 57 38 20 89 56 59 22 71 88 39 66 106 51 18 115 116 16 78 44
