42
1 2 3 8 10 13 14 16 18 19 20 23 25 27 28 29 30 33 38 41 42
2 4 6 8 10 12 14 15 17 18 19 20 21 22 24 26 28 29 31 34 35 37 40 42
3 1 2 5 7 9 11 12 13 14 15 16 17 18 21 22 23 25 33 35 40 42
4 1 10 11 13 15 18 20 21 25 29 32 33 34 36 37 42
5 1 6 7 8 14 15 18 21 23 25 28 29 34 40 42
6 1 3 4 8 9 10 12 13 14 15 17 18 19 21 26 28 33 35 38
7 1 3 4 5 6 8 10 11 16 17 18 19 21 22 23 24 26 28 31 32 33 34 35 40 42
8 1 2 4 6 9 11 14 15 18 22 23 26 27 34 36 38 41
9 3 7 11 15 18 19 20 21 24 25 26 28 29 31 34 35 40 42
10 9 11 13 14 16 18 20 21 23 26 29 31 33 35 36 37 38 39 42
11 4 5 6 7 9 12 13 14 15 16 18 19 21 22 23 25 26 29 32 33 36 37 39
12 1 2 4 5 6 9 10 11 14 15 17 19 20 26 29 32 36 37 38 39
13 4 6 8 12 16 21 22 27 28 29 30 32 34 35 37 42
14 2 11 12 13 15 16 20 21 22 24 28 29 30 33 34 35 36 37 38 40
15 2 3 5 6 7 9 16 17 18 20 26 27 28 29 30 31 32 33 35 37 39 41 42
16 1 2 3 12 14 15 19 20 25 26 27 28 29 30 33 34 35 36 37 39
17 3 5 6 9 13 14 15 16 19 20 26 28 33 36 37 41
18 1 2 5 6 7 8 11 13 14 16 17 21 22 23 24 26 30 31 34 35 36 40 41
19 1 2 5 6 8 12 14 15 16 20 21 22 25 27 34 37 38 39 42
20 1 4 5 7 11 12 15 18 23 27 29 30 31 32 35 36 38 41
21 1 3 6 7 8 9 10 11 13 14 16 17 18 24 27 29 30 33 34 37 38 42
22 2 3 7 9 12 16 17 19 20 21 25 27 28 29 32 33 34 35 39 40 41
23 1 2 3 4 6 9 10 13 16 17 20 21 24 29 31 34 35 36 38 39 42
24 3 5 7 8 11 14 15 16 19 23 25 27 28 29 30 33 35 36 38 39 40
25 1 2 3 4 5 7 10 12 13 14 15 18 19 20 21 22 23 24 26 27 29 30 31 32 33 37 38 40 41 42
26 4 7 9 10 11 13 14 18 20 21 22 24 25 27 28 30 31 36 37 39 40
27 3 4 5 7 12 13 16 17 21 24 25 26 28 30 32 34 36 38 39 40
28 1 2 5 6 7 9 12 13 15 16 18 19 20 21 22 23 24 26 29 34 36 38 40 41 42
29 3 6 7 9 12 13 16 18 19 21 22 27 28 31 35 36 37 42
30 2 3 5 8 9 13 15 17 18 21 22 26 29 32 35 39 40 41 42
31 3 4 6 9 12 19 21 24 25 27 29 33 34 35 36 37 39 40 41 42
32 2 4 5 8 9 10 12 15 16 19 20 21 22 23 26 31 33 34 39
33 2 3 4 6 9 11 13 15 17 21 24 25 26 27 29 30 31 35 36 37 39 41
34 2 3 6 7 8 10 11 13 14 18 19 23 25 26 29 30 31 33 36 37 38 40 42
35 2 3 4 5 8 9 14 15 22 25 29 37 38 40 42
36 1 2 3 4 5 6 7 8 10 11 12 15 17 18 21 24 29 30 31 35 38 40 41 42
37 1 3 6 8 9 11 13 14 15 16 20 21 23 24 29 30 32 33 35 36 39 40 41
38 1 2 3 4 7 9 15 16 19 22 23 24 25 26 28 30 32 33 35 36 37 39 41
39 1 3 6 7 10 11 12 13 14 15 17 18 22 24 25 26 27 30 35 36 40
40 4 5 7 9 11 12 15 20 22 23 26 28 32 39 41 42
41 1 3 5 8 9 12 13 14 15 18 19 22 23 24 27 29 30 31 32 34 35 37 38
42 2 4 9 10 11 12 13 18 19 24 26 29 31 32 33 34 35 36 39 40 41
