49
1 3 4 5 6 8 10 11 12 14 15 21 22 23 24 27 28 29 31 33 36 37 39 41 42 45 47 49
2 4 6 12 13 17 22 23 25 28 30 32 33 35 36 37 38 40 42 44 47 48
3 4 8 10 11 12 14 15 19 21 22 23 25 26 28 32 33 35 36 37 38 39 42 43 44 46 47
4 2 3 5 6 8 9 11 16 17 19 21 23 25 26 29 31 32 33 34 36 38 42 44 49
5 1 3 4 6 7 11 12 14 15 16 17 18 19 20 21 24 26 27 28 30 31 36 38 39 41 42 44 46 47 48 49
6 2 5 8 10 11 12 13 16 21 22 23 24 25 27 30 31 34 35 37 39 43 44 48
7 1 5 6 8 10 11 12 14 16 20 25 27 28 29 30 33 36 38 39 42 43 44 46 47 48 49
8 1 6 11 12 13 15 16 19 20 21 24 25 28 31 34 35 41 43 44 46 47 49
9 1 6 10 12 13 14 16 18 19 21 22 23 31 33 36 38 39 40 41 44 45 46 47 48 49
10 1 2 3 4 8 11 13 14 15 16 17 19 22 23 24 27 28 29 30 31 35 36 37 40 46 47
11 3 4 5 6 7 9 14 15 17 18 19 20 24 26 27 30 31 33 34 35 36 38 39 40 42 43 47
12 1 3 4 6 7 8 10 13 16 17 18 20 23 26 28 30 31 32 33 35 38 39 41 42 43 44 48 49
13 1 4 6 7 8 9 10 11 12 14 16 19 20 21 22 27 29 31 33 36 38 39 40 41 44 46 48
14 1 2 4 6 7 8 9 15 21 24 25 26 29 30 33 34 36 38 40 41 42 43 44 45 48 49
15 1 6 8 11 12 16 17 19 23 25 27 31 35 37 38 40 42 44 46
16 1 6 7 8 10 11 12 13 15 17 18 22 24 25 26 27 30 31 37 39 42 43 44 46 47 48
17 1 7 9 11 12 14 20 22 23 24 25 26 28 31 32 33 34 35 36 38 40 42 43 44 45 46 47
18 1 2 3 4 5 8 9 10 11 12 13 14 15 16 19 21 22 25 26 27 29 30 31 35 37 39 44 46 47 48
19 3 8 9 11 12 17 21 24 25 30 31 34 35 36 37 40 42 44 45 47
20 2 3 7 8 9 14 15 16 19 21 22 23 26 27 28 29 30 32 33 34 35 36 38 40 42 44 45 46 48
21 1 2 3 6 7 10 11 12 14 15 16 17 19 22 26 28 29 33 34 36 37 41 44 46
22 3 5 6 8 10 11 12 14 16 19 26 29 33 40 41 43 44 46 47
23 1 3 5 6 10 12 14 16 18 19 25 26 27 29 30 31 33 34 38 41 42 43 44 45 46 47
24 3 6 9 11 12 17 18 20 21 27 28 29 30 32 33 36 37 43 45 47 48 49
25 1 2 4 10 13 15 17 22 24 26 28 30 31 35 47 49
26 1 2 3 4 7 10 13 14 15 18 22 23 25 28 29 30 32 33 34 35 36 37 38 39 43 45 47
27 3 5 6 7 8 12 15 18 22 28 31 32 34 36 38 39 40 42 45 46 47
28 1 2 6 7 8 12 13 17 18 19 20 23 27 29 30 31 33 35 36 37 38 39 40 43 47 48
29 2 4 6 7 8 9 10 15 18 20 23 30 31 33 35 36 39 44 45 46
30 3 5 10 11 12 14 15 16 20 23 25 26 29 32 34 35 37 38 40 45 49
31 3 4 5 6 7 8 10 13 14 15 16 19 20 22 26 28 33 34 36 37 38 39 40 43 45 47 48 49
32 2 7 8 11 12 15 18 19 20 22 25 27 28 29 33 39 43 45 48 49
33 5 6 8 9 13 17 18 19 21 23 25 27 29 30 34 35 36 37 39 40 41 42 43 47 48 49
34 2 5 6 9 16 19 20 21 25 26 28 29 30 31 36 37 38 39 44 46
35 1 2 4 7 9 10 12 13 14 18 19 22 24 33 36 37 38 39 40 41 47 48
36 1 2 3 6 13 15 20 22 23 25 28 29 30 31 32 33 34 39 40 44 45 46 47 48 49
37 7 8 9 10 11 13 15 20 21 22 23 30 31 32 33 35 38 40 41 43 45 47
38 1 2 3 4 8 9 10 13 14 16 18 20 21 22 26 27 28 29 32 33 34 35 37 40 41 42 45 48 49
39 3 5 6 7 10 12 14 16 17 20 21 24 26 28 29 30 35 42 45 48 49
40 2 3 4 5 7 10 13 16 17 18 19 21 22 23 24 25 29 30 35 38 46 47 48
41 1 3 4 5 7 8 12 13 15 16 17 18 19 20 23 27 28 31 35 36 37 39 42 43 45 46 47 49
42 2 3 5 6 7 8 9 10 11 12 13 14 19 20 21 23 24 27 29 30 32 36 37 38 39 40 41 43 45 46 47 48
43 2 4 6 7 10 11 14 15 17 19 20 21 22 24 28 29 31 33 34 35 37 44 48
44 1 2 4 6 12 14 15 16 21 22 24 25 27 32 34 36 38 45 47 49
45 1 3 4 8 9 10 11 12 15 16 18 21 23 27 30 32 38 39 40 41 42 43 46 47
46 1 2 5 6 7 10 14 15 17 20 21 23 27 28 29 31 32 33 36 38 41 44 48 49
47 4 5 12 14 17 21 22 24 25 28 33 34 36 39 40 43 46 49
48 1 5 10 12 13 14 15 17 19 21 22 23 24 25 26 27 28 29 30 33 34 35 38 39 40 42 44 45 47
49 3 6 7 9 12 13 14 16 17 18 19 20 21 23 25 26 28 29 30 31 32 33 35 38 42 46 48
