112
1 2 3 5 11 16 18 19 20 26 30 31 34 36 38 39 40 41 42 43 44 45 46 47 53 56 58 62 63 66 68 69 70 71 72 74 75 76 77 78 79 80 82 83 85 86 88 89 92 93 95 96 97 98 99 100 103 104 106 109 110 112
2 1 3 7 8 10 11 13 14 15 18 19 20 21 23 25 27 28 31 34 36 38 42 43 44 46 47 48 50 51 53 54 55 60 64 66 68 72 77 79 81 82 84 86 88 89 90 96 100 103 105 110 111
3 1 2 4 5 6 10 11 12 13 16 17 18 19 20 21 23 25 27 28 30 31 32 33 36 37 38 39 46 50 52 55 56 57 58 60 63 64 65 69 70 74 76 77 78 82 84 85 88 89 90 94 95 96 97 98 100 102 103 104 107 109 112
4 2 5 6 7 9 10 11 12 13 14 17 19 20 24 25 26 27 29 33 35 37 39 40 41 44 46 48 50 51 52 53 55 57 58 64 65 67 68 71 75 77 79 80 81 84 85 91 93 96 98 99 102 105 107 108 110 112
5 1 2 3 4 9 10 11 12 13 15 16 17 19 23 26 27 28 30 32 33 34 36 37 40 43 44 45 47 50 55 59 60 66 67 68 69 71 72 74 78 79 81 84 89 90 95 97 101 103 105 108 110
6 2 3 8 10 11 15 16 17 18 19 20 21 22 25 26 27 29 33 35 36 37 39 40 42 44 46 47 48 50 51 54 55 57 58 59 60 63 64 68 69 72 74 75 77 78 80 81 82 83 85 87 90 91 92 93 95 98 101 106 107 108 109 110 111
7 1 2 4 5 6 8 9 11 13 14 16 18 19 21 23 24 25 26 30 31 35 36 38 39 40 42 45 46 48 51 59 60 62 71 74 78 81 86 87 89 90 92 95 97 98 99 100 102 104 106 107 108 109
8 3 4 5 9 11 13 16 18 19 20 21 25 26 27 29 30 35 40 41 42 43 44 45 49 50 52 53 57 58 60 61 63 64 66 69 70 76 78 79 80 83 86 88 93 97 98 99 102 103 104 106 109 110
9 1 2 3 6 11 12 13 14 18 19 21 22 23 25 28 30 32 35 36 37 38 39 40 41 44 45 47 48 50 51 52 54 55 56 57 59 60 61 65 67 71 72 73 75 76 80 81 82 87 89 91 92 93 95 96 98 99 100 101 105 109 110 111 112
10 1 2 3 4 5 6 9 20 21 24 26 29 30 32 35 40 41 44 45 47 48 49 50 52 53 54 59 60 61 63 64 67 69 70 71 73 75 76 77 78 79 81 83 85 86 94 95 96 97 99 101 108 110 112
11 4 5 6 8 10 14 19 20 21 25 29 30 33 36 37 44 47 49 50 51 53 54 55 59 61 64 65 66 68 69 73 76 77 81 82 83 84 85 86 90 91 94 96 99 100 102 103 104 105 106 110 112
12 1 7 10 11 14 15 16 17 18 19 21 22 23 26 30 35 36 37 38 39 42 49 50 55 57 59 61 62 70 71 75 76 78 79 80 83 84 85 86 88 90 92 93 94 95 97 98 101 103 105 111
13 1 3 4 6 7 8 9 10 11 12 23 26 28 29 30 33 35 36 40 41 43 44 46 47 48 53 56 57 58 59 60 61 62 63 64 65 67 68 71 72 73 74 75 79 80 81 83 84 85 87 88 89 91 93 95 98 100 101 103 105 106 112
14 4 9 10 12 13 16 17 21 22 25 26 27 28 30 33 35 37 41 42 43 44 45 49 50 51 57 58 60 62 63 64 65 70 71 72 75 76 77 78 80 81 83 85 86 87 90 93 94 96 103 104 105 106 107 108 109 112
15 4 5 6 8 10 12 14 17 19 25 26 28 29 30 33 35 36 37 38 39 41 42 47 48 52 54 55 56 57 59 62 64 66 67 71 73 78 82 84 85 87 89 90 94 97 101 102 104 110 111
16 1 2 5 6 7 8 9 11 13 14 19 20 22 24 26 30 31 32 33 34 36 37 39 40 41 43 46 48 50 52 54 55 59 60 61 62 63 64 66 67 68 70 72 75 76 80 81 82 83 84 85 87 89 90 91 92 97 98 99 100 101 108 109 111
17 1 3 5 6 11 13 15 19 21 22 23 24 26 28 30 32 33 34 36 39 46 47 50 52 53 57 59 65 67 68 71 72 74 76 78 79 80 81 83 86 87 89 96 98 99 101 102 104 107 108 109 111 112
18 1 2 4 12 13 14 19 20 22 23 24 25 27 28 29 30 31 32 33 36 37 40 41 42 44 45 46 47 48 49 50 51 52 53 55 58 59 61 62 63 64 65 66 69 71 73 74 76 79 82 83 86 88 89 91 92 93 94 97 98 99 103 109 110 111
19 1 2 3 4 5 6 7 8 10 11 14 15 16 17 20 23 24 26 28 29 31 33 34 35 36 37 40 41 44 47 48 54 55 56 57 58 59 61 62 65 66 67 69 72 74 75 76 78 79 80 84 86 87 90 91 92 94 96 99 100 101 105 111 112
20 2 3 4 6 7 8 9 10 13 15 16 17 19 21 22 24 25 26 27 28 29 31 32 33 34 36 37 41 47 49 50 51 55 57 58 63 64 65 69 70 71 73 74 75 76 77 90 91 92 95 98 99 100 101 103 104 105 107 110 111
21 1 5 6 10 14 15 20 23 24 27 29 30 37 39 41 42 43 45 47 49 57 60 61 62 69 71 72 73 77 78 79 80 82 84 85 86 87 88 90 91 93 96 97 98 100 103 104 105 106 108 109
22 1 4 5 9 11 13 18 20 27 30 31 32 34 35 36 37 44 48 50 51 52 53 54 56 59 63 64 67 68 73 74 75 76 77 80 81 83 86 88 89 90 91 92 93 94 96 98 99 100 101 102 106 107 108 109 110 111
23 2 4 5 6 8 9 11 12 16 17 19 24 25 26 28 30 32 34 40 41 44 45 46 47 48 50 51 58 62 64 65 67 68 70 72 73 74 75 79 82 83 84 86 87 89 90 91 92 95 99 102 103 104 105 106 109 110 111
24 1 4 5 6 7 8 9 11 12 15 16 17 21 23 25 26 27 28 30 34 35 37 40 43 44 47 49 52 53 55 56 57 62 63 65 66 69 70 71 73 75 77 79 80 82 84 85 87 88 90 92 97 99 100 102 103 107 110 112
25 1 3 4 5 6 7 8 11 14 15 16 18 22 24 26 27 29 31 33 34 36 37 41 42 44 46 47 48 49 50 51 55 58 59 61 62 63 65 66 67 68 69 72 73 77 78 79 80 82 84 85 86 89 90 93 96 97 99 100 102 104 107 108 109
26 5 7 10 14 15 16 18 19 21 22 24 30 35 36 37 38 39 43 46 48 51 53 55 57 58 60 61 62 63 64 67 68 70 72 77 78 79 80 83 84 85 87 88 91 92 93 94 95 96 98 99 100 103 104 105 108 109 111 112
27 2 3 7 9 10 11 13 14 15 16 17 19 28 30 32 33 34 37 38 39 40 42 43 44 47 48 49 50 53 54 55 57 58 63 64 66 69 70 71 72 73 77 79 80 82 83 84 85 86 88 89 90 91 96 97 100 106 109 110 111 112
28 4 5 9 10 11 13 14 16 17 18 20 22 23 25 26 32 33 34 36 39 41 43 46 47 49 50 52 53 54 55 57 59 62 64 65 66 67 69 71 72 73 74 77 79 80 81 84 86 87 89 92 93 96 98 99 100 101 102 104 105 106 110
29 3 4 5 7 9 11 15 17 18 19 21 24 25 27 30 31 33 36 37 38 39 40 42 43 44 46 49 50 51 60 63 64 67 70 72 73 75 78 81 83 85 87 89 91 93 98 99 101 102 103 104 105 107 108 110
30 2 4 5 8 10 11 12 14 16 17 18 20 21 23 24 32 33 35 37 38 40 41 43 45 47 50 51 53 55 56 58 59 60 63 65 73 75 77 78 81 83 88 91 94 102 104 109 112
31 1 2 4 5 6 7 8 9 11 12 14 18 21 25 26 28 29 32 33 34 35 37 38 42 43 45 47 48 49 50 51 58 59 62 66 71 75 77 78 86 88 90 92 94 96 97 100 101 103 104 106 108 110 111
32 5 7 10 11 13 14 15 21 22 23 25 27 28 31 34 38 40 41 43 44 48 49 50 51 52 56 57 58 61 62 63 64 66 68 70 72 73 77 80 81 82 83 84 85 86 87 90 91 92 93 95 96 98 100 104 111
33 3 4 8 10 12 14 21 22 25 29 31 36 37 38 39 42 44 45 46 48 49 50 51 53 55 56 58 60 61 62 63 65 67 68 70 71 72 73 74 75 77 85 87 90 95 97 98 99 100 105 106 107 109 110
34 1 2 3 4 5 6 7 9 13 15 17 18 19 22 29 32 33 35 37 38 40 42 43 46 49 52 54 58 62 68 69 70 71 72 73 74 77 81 85 86 88 91 92 93 97 99 100 101 104 105 106 108 112
35 2 5 6 9 11 14 15 16 17 18 19 20 21 22 23 24 25 26 28 29 31 36 37 41 42 45 47 51 52 53 54 55 57 58 59 60 61 62 65 66 70 73 77 78 79 80 81 82 83 85 90 92 96 98 99 101 102 104 105 109 110 111
36 2 3 4 6 11 14 15 17 18 20 21 24 28 30 33 34 35 37 42 45 49 50 51 53 54 55 56 57 63 64 65 67 70 72 73 74 75 76 77 80 81 83 85 88 89 91 92 95 96 97 99 100 106 107 110
37 1 2 7 8 10 12 14 16 17 18 20 23 24 26 27 29 35 38 40 41 43 45 46 48 51 56 60 62 63 64 66 67 69 72 74 76 84 85 88 89 99 100 102 104 105 106 110 111
38 1 4 5 10 11 14 15 16 17 18 22 23 24 26 29 32 33 34 36 41 45 47 48 51 54 56 57 58 60 61 63 65 69 71 72 73 74 75 77 78 79 82 85 86 87 90 91 93 96 102 105 106 107 110 111
39 1 3 4 5 6 9 11 12 14 17 22 24 25 27 29 32 36 37 40 41 43 44 46 47 48 49 53 54 57 58 60 65 66 68 69 71 72 73 78 81 82 91 93 95 98 100 101 105 106 107 108 109 111
40 1 2 3 4 6 8 12 14 15 18 20 21 22 23 24 28 29 30 32 33 34 38 39 41 42 44 49 50 51 53 54 55 56 57 58 59 62 63 66 67 68 74 77 81 82 84 85 86 91 94 95 96 99 102 103 105 106 107 111
41 1 2 4 9 11 12 16 17 18 20 21 24 27 34 35 36 40 46 51 53 55 57 58 60 61 63 65 66 67 68 69 70 71 73 74 76 77 78 81 83 85 87 91 92 96 98 99 100 101 102 104 105 106 109 112
42 1 5 6 7 17 22 25 26 29 31 33 34 35 36 38 40 44 45 48 49 50 53 54 56 58 59 60 61 63 65 66 67 68 73 75 78 82 83 84 85 88 91 93 94 97 98 99 103 106 107 109 110 111 112
43 2 3 4 6 7 8 9 11 12 17 21 22 24 29 30 32 33 38 39 41 44 45 47 48 49 51 52 57 59 60 61 62 65 66 67 68 69 70 72 73 74 76 77 78 79 80 81 82 83 84 86 89 95 100 101 102 109
44 4 6 8 12 13 14 15 17 19 20 21 22 23 24 25 26 27 35 38 40 41 46 47 49 51 52 53 55 57 58 60 62 63 64 66 68 69 71 72 73 76 79 82 83 85 86 87 90 91 94 96 98 99 100 102 103 104 105 110 111 112
45 1 4 6 9 11 13 14 16 18 21 22 24 25 26 28 30 31 32 35 36 40 42 46 47 48 50 51 52 54 55 56 58 59 61 64 65 67 73 77 79 82 83 86 87 89 92 93 95 97 99 100 102 105 106 108 110 112
46 3 6 7 8 12 17 20 21 22 23 25 27 28 31 34 36 38 41 43 44 45 48 53 55 57 59 63 66 67 70 71 73 74 76 78 79 81 82 84 85 87 89 90 91 92 93 94 95 97 99 101 103 104 106 107 108 109 110 111
47 3 4 5 6 7 9 13 14 15 16 17 18 20 22 26 28 30 31 33 34 35 38 39 43 44 45 48 51 52 54 55 57 58 61 62 65 66 67 68 70 72 77 81 84 85 88 90 92 93 96 100 101 102 103 104 108 109 110 111
48 2 3 9 10 11 12 13 14 16 17 18 21 22 23 25 27 29 36 37 41 42 47 49 51 53 54 55 58 61 62 64 65 66 67 68 70 73 74 75 78 80 81 82 85 86 87 88 92 93 97 98 99 100 101 105 106 107 109 111 112
49 2 3 4 6 9 13 14 15 17 18 23 24 25 29 36 37 38 39 40 41 42 44 47 51 53 54 57 61 65 66 67 68 69 70 71 72 73 74 84 85 86 87 92 93 96 97 101 103 104 105 108 109 110
50 3 4 7 9 10 12 13 15 19 21 22 24 26 27 28 29 32 33 34 37 39 41 44 46 47 48 51 55 56 57 58 62 63 65 66 70 72 73 76 77 79 81 82 84 87 90 92 94 96 97 98 100 101 102 104 105 106 107 110 112
51 4 6 7 10 12 13 14 17 18 21 23 25 26 30 33 34 35 37 39 41 43 45 46 50 52 53 59 63 64 65 67 72 75 77 78 79 80 81 84 85 88 90 92 95 96 97 101 103 104 105 106 112
52 1 2 3 4 5 6 7 8 9 10 12 15 16 17 18 23 25 26 27 28 29 30 34 37 38 39 40 41 44 46 48 49 50 56 57 58 59 60 61 63 66 69 71 73 75 77 78 80 83 85 87 88 89 92 93 95 96 98 100 102 103 105 106 107 108 109
53 1 3 5 6 7 8 10 11 15 18 19 20 22 26 29 31 33 34 36 37 40 43 51 54 60 61 63 65 68 71 72 75 76 78 79 80 81 83 84 85 88 90 92 93 94 100 101 102 106 109 111
54 1 3 6 9 13 15 17 18 19 20 21 22 25 26 27 32 33 35 37 38 40 47 49 51 52 53 55 58 61 62 65 68 72 75 79 80 81 82 83 84 85 87 89 90 93 94 97 99 102 103 104 107 111 112
55 1 4 5 6 7 8 9 14 15 16 18 21 22 23 24 25 29 31 32 38 40 42 45 47 49 50 51 57 58 61 63 64 65 66 68 69 71 75 76 77 80 81 83 84 85 89 92 94 96 98 99 101 103 104 106 109 110 111 112
56 1 2 3 4 6 9 15 16 19 20 22 24 25 27 28 29 34 35 38 41 44 45 46 47 48 50 51 52 53 54 57 58 60 65 66 67 70 73 76 77 78 80 84 85 88 89 90 91 92 95 97 99 101 102 103 105 107 108 109
57 1 2 4 5 7 8 9 10 11 12 14 15 16 17 18 19 23 24 25 27 29 34 36 37 38 39 41 48 50 52 53 59 60 61 62 65 66 68 69 70 71 75 77 78 81 85 86 87 89 90 93 97 99 100 102 105
58 5 6 7 11 15 17 18 19 20 21 23 25 29 31 32 33 37 39 40 42 46 49 50 53 56 61 62 64 65 66 70 74 75 76 77 78 79 81 83 84 86 87 91 94 97 102 106 107 109 112
59 1 3 4 5 6 7 8 10 11 12 14 15 18 24 27 30 32 34 38 39 40 41 43 44 45 48 50 53 54 63 65 66 68 69 73 75 76 78 79 80 81 82 84 86 89 90 91 94 95 99 101 104 106 107 111 112
60 1 2 6 8 11 12 13 14 15 20 23 24 25 26 27 28 29 30 33 34 36 38 39 40 41 42 43 45 46 49 51 52 55 56 57 61 63 64 66 67 69 72 73 76 77 79 80 81 83 84 85 87 89 91 92 95 99 102 105 106 110 111
61 2 7 8 9 11 14 15 16 17 18 27 28 30 32 34 35 36 38 39 41 42 43 44 48 52 53 54 56 58 59 60 62 65 66 67 69 70 73 74 76 77 80 81 84 86 89 90 93 96 98 100 101 102 103 106 107 108 109 110
62 1 5 6 7 8 9 11 12 14 19 20 21 22 26 30 33 34 39 40 46 47 49 52 54 55 56 57 58 66 69 74 76 78 81 84 85 88 89 92 93 94 95 96 97 98 101 103 104 107 109 110 111 112
63 1 4 5 7 10 11 17 21 22 26 30 31 32 37 38 39 40 41 42 44 45 46 47 49 55 56 57 59 60 65 66 67 68 69 71 72 73 78 82 84 85 86 87 88 90 92 95 96 98 100 101 102 104 105 107 111
64 2 4 5 7 8 11 13 14 16 18 23 25 26 29 30 32 33 34 35 36 37 40 41 43 44 46 47 49 51 55 59 63 67 72 74 75 77 78 79 80 85 86 87 89 92 93 95 98 100 101 104 111 112
65 1 3 5 6 8 10 11 13 14 15 16 17 20 21 24 25 26 27 29 30 32 33 34 35 37 38 40 42 47 48 49 52 53 54 55 56 57 58 59 60 62 63 68 69 72 74 76 78 80 82 87 88 90 91 92 93 94 95 97 98 99 100 101 109 111 112
66 1 2 4 6 7 15 16 18 24 26 27 28 29 30 32 37 45 50 52 56 57 61 63 64 65 67 68 71 73 74 75 76 77 80 83 85 91 92 94 95 102 105 106 108 110 111
67 1 2 3 4 6 8 9 10 11 14 15 17 19 22 24 28 29 32 33 34 38 40 42 43 44 45 46 49 51 52 54 57 58 60 62 63 72 74 78 80 81 82 83 86 87 89 90 91 94 101 103 104 106 107 109 110 111
68 3 13 15 16 18 22 23 26 28 34 35 39 41 45 47 50 55 58 59 60 61 62 63 64 66 67 72 74 75 79 80 82 84 86 88 90 91 92 94 96 98 100 101 102 104 105 107 111
69 3 4 6 7 8 12 13 15 16 17 18 19 20 21 23 26 28 32 34 36 37 39 40 41 42 43 44 49 50 55 60 64 66 67 76 79 82 83 84 86 87 95 99 102 103 104 107 108 110 111
70 1 2 6 7 11 12 14 15 17 20 23 26 28 30 31 33 34 36 38 41 43 45 47 48 49 50 51 57 58 59 61 62 63 65 66 67 69 71 72 75 78 82 83 85 94 97 99 100 101 102 107 110 111
71 3 4 8 9 11 15 16 18 19 20 21 23 29 31 32 33 41 45 50 53 55 56 57 63 64 66 70 72 74 76 77 79 80 81 82 83 85 86 88 89 90 91 92 93 96 98 101 103 108 111
72 1 2 6 7 8 11 13 14 19 20 21 22 23 25 26 28 29 31 33 34 36 37 40 41 42 43 44 45 46 47 48 50 54 56 59 60 63 67 68 70 71 73 74 75 76 79 80 82 83 86 92 94 97 98 100 102 103 105 106 107 108 110
73 2 4 8 9 10 12 13 15 17 18 19 22 23 24 29 31 32 34 35 36 37 40 43 45 48 52 53 57 58 62 64 66 71 72 74 75 79 81 83 85 88 89 91 95 101 102 104 105 107 108 110
74 1 2 3 4 5 6 9 10 13 16 17 19 21 23 25 27 28 29 31 35 37 38 39 41 42 50 51 58 60 63 64 65 66 70 71 72 73 77 79 81 84 89 91 92 93 95 96 97 98 99 103 104 106 107 110 111 112
75 1 4 6 10 11 17 18 23 27 29 30 38 40 41 43 44 46 52 54 56 57 62 65 66 67 68 70 71 72 76 78 79 81 86 87 88 89 90 91 94 95 96 97 98 100 101 105 110 112
76 3 4 5 6 8 11 13 15 16 17 18 19 22 23 24 26 27 28 30 34 35 36 37 41 42 44 47 49 50 52 53 54 55 58 59 60 61 68 69 71 72 73 75 78 79 84 86 87 88 89 93 95 96 97 99 100 105 106 107 109
77 2 4 5 6 10 11 12 13 15 17 21 23 24 25 27 28 29 30 31 32 33 34 35 36 37 39 40 44 47 48 50 52 54 56 58 60 64 65 66 69 73 75 78 79 82 83 84 85 88 91 94 97 99 101 103 106 107 108 109 112
78 2 4 8 10 11 16 17 20 22 23 24 26 27 29 33 34 35 37 39 41 44 46 48 49 51 55 60 61 62 63 64 65 66 67 68 70 71 72 80 82 83 84 85 92 96 99 100 101 103 105 106 111
79 2 6 7 8 9 13 16 17 18 19 21 22 23 25 29 31 32 33 34 35 37 39 40 43 45 48 49 50 60 61 62 64 65 66 68 70 71 73 74 76 77 80 82 83 87 90 92 93 95 97 98 99 100 104 105 107 108 109 110 111
80 2 4 5 8 9 10 15 21 24 33 38 40 42 43 44 46 49 50 53 55 57 60 61 62 63 64 66 67 71 73 75 77 81 82 84 85 88 89 91 93 94 96 97 100 101 102 106 110 112
81 4 5 7 10 11 12 14 16 17 18 22 24 27 28 30 39 43 46 47 51 53 55 56 58 59 63 64 68 70 71 73 74 76 82 84 85 86 91 92 93 96 98 99 100 102 105 106 108 109 110 112
82 1 2 4 7 10 11 12 17 18 20 21 23 25 27 28 29 33 34 35 38 40 42 43 45 47 50 56 58 59 60 61 62 63 66 67 73 77 78 80 81 85 86 89 91 93 94 101 104 106 107 110
83 1 2 3 4 6 9 11 12 15 16 19 21 22 23 25 26 27 28 29 33 40 41 44 46 47 49 51 53 55 56 57 58 59 60 63 66 68 69 74 77 79 81 84 85 87 88 89 90 92 96 97 99 101 102 103 106 110 111 112
84 11 13 14 15 17 18 21 22 25 27 29 30 32 34 35 36 38 41 42 44 45 46 47 48 49 52 53 60 62 63 64 70 73 75 77 81 85 86 89 91 92 95 96 98 99 100 102 103 106 107 108 109 112
85 1 3 4 12 14 15 16 17 21 22 28 29 31 32 34 35 36 37 40 41 43 45 50 51 53 54 56 62 64 65 66 67 68 70 76 77 78 80 81 82 84 88 89 90 91 92 93 96 98 102 105 106 107 108 109 110 111 112
86 2 5 6 8 11 13 15 16 17 18 21 23 24 27 28 29 32 34 36 38 40 41 46 47 48 50 54 56 61 63 64 66 67 69 71 72 73 74 81 82 83 85 87 88 89 90 91 93 95 97 99 100 101 105 106 108 109 110 112
87 1 2 4 6 7 8 10 11 15 16 18 19 21 22 24 26 29 30 32 34 35 36 38 39 40 41 42 43 46 48 49 50 51 54 55 56 57 58 59 61 70 71 72 74 77 79 80 81 83 88 89 91 92 94 96 98 99 100 101 103 104 109 110 111
88 3 8 9 10 12 14 15 17 22 23 26 27 28 29 33 34 35 36 38 41 43 44 46 47 49 50 51 52 57 61 62 63 65 66 70 71 73 75 76 79 82 84 85 86 90 91 93 96 98 100 101 103 104 105 109 110 111 112
89 1 2 3 4 5 6 7 10 13 14 15 19 22 23 24 25 27 29 32 33 36 37 40 47 48 49 50 51 52 53 55 58 59 60 61 62 63 64 65 70 71 74 79 81 82 84 86 87 88 90 92 94 95 96 98 99 100 101 102 103 107 108 110
90 3 4 5 9 10 11 12 14 16 19 20 23 25 28 30 32 33 34 39 40 42 47 49 50 52 57 59 62 63 68 70 72 76 77 83 85 88 89 93 94 95 99 101 102 104 105 109 111 112
91 2 5 6 8 9 13 17 18 19 22 23 24 27 28 30 32 33 36 38 39 40 43 44 45 46 49 50 52 54 55 56 59 61 62 65 66 69 70 73 75 83 84 87 88 89 92 93 94 95 97 98 99 101 103 104 107 108 111 112
92 1 2 4 6 8 10 11 14 18 19 21 22 23 24 26 27 30 31 32 34 35 37 38 39 40 42 47 49 50 52 54 55 57 58 59 60 63 64 66 67 69 72 73 74 75 79 80 81 82 83 84 86 90 93 95 96 98 99 104 105 107 110 111
93 4 5 7 8 9 14 18 22 23 24 27 34 36 37 38 39 41 44 45 46 47 48 49 51 54 56 60 61 62 67 68 71 72 73 75 76 80 81 82 83 85 86 89 91 95 97 99 102 103 106 107 111 112
94 1 4 8 10 11 13 14 15 17 18 19 20 21 22 23 26 28 29 30 33 34 35 37 39 41 43 45 46 48 49 53 54 55 56 58 60 62 64 66 67 69 74 77 79 80 86 88 89 92 93 98 99 101 111 112
95 3 6 7 9 11 12 13 18 19 22 23 24 27 28 30 32 33 36 38 39 40 42 44 45 48 50 54 55 56 57 59 62 63 64 66 67 68 75 76 77 79 82 83 86 89 91 92 93 97 98 101 102 106 108 111 112
96 3 4 7 8 9 10 14 15 16 17 18 21 23 24 29 33 34 36 39 41 42 47 48 49 50 51 52 54 55 59 60 61 63 65 66 70 71 72 73 74 76 80 81 84 88 93 97 98 99 100 102 103 104 105 106 107 108 109 110 111
97 3 6 7 10 13 17 20 21 24 26 27 29 30 32 33 36 37 38 39 44 47 49 51 56 58 60 61 63 65 67 68 72 73 76 83 88 89 90 92 94 95 98 100 101 103 106 108 109 110 111 112
98 1 4 5 10 11 15 17 19 20 28 30 31 32 33 34 36 39 40 43 44 49 52 54 56 57 60 64 65 73 74 75 78 79 80 81 85 86 87 93 94 95 99 103 105 106 108 110 111
99 1 2 5 7 8 10 12 13 14 16 17 18 22 23 25 26 27 28 30 32 33 36 37 38 43 52 56 58 59 60 63 64 65 66 68 71 72 73 75 76 79 80 81 82 84 85 86 87 88 89 92 93 94 97 100 103 105 106 108 109 110
100 3 4 5 7 9 10 14 16 19 20 28 35 36 37 40 41 43 44 45 46 50 53 54 55 57 58 60 67 69 72 74 76 77 79 80 83 84 85 86 87 91 92 93 94 96 97 98 99 102 104 107 109
101 2 4 5 7 9 10 11 12 15 22 23 25 26 29 31 32 33 34 37 38 40 41 42 43 45 49 51 53 54 55 56 58 62 63 64 65 66 67 68 69 70 71 73 74 75 77 79 81 82 83 84 86 87 88 89 94 102 103 105 107 108 111 112
102 2 3 4 5 11 15 16 17 20 21 23 24 26 29 32 33 34 37 38 43 46 47 50 52 53 54 58 60 62 63 64 65 66 68 70 74 75 76 77 79 81 82 87 88 94 95 96 97 99 100 103 106 109 110 111 112
103 2 5 8 9 10 13 16 17 19 20 23 27 29 31 35 36 44 45 51 52 56 58 59 61 63 64 65 66 67 74 77 82 84 85 87 88 89 92 93 94 98 99 100 101 104 105 106 107
104 1 2 4 5 7 8 10 15 17 19 21 22 23 25 27 30 31 34 37 38 39 40 43 44 45 48 49 50 53 54 55 58 61 63 64 65 67 68 72 73 76 78 79 83 85 90 91 92 95 96 97 102 103 105 106 107 109 110 112
105 1 2 3 4 6 7 10 13 14 15 17 21 26 28 29 30 32 36 38 42 46 47 48 49 51 52 54 55 57 58 63 64 67 69 70 71 72 73 74 76 77 79 80 81 85 88 89 90 94 100 101 102 103 104 112
106 1 2 5 7 8 9 10 11 13 14 15 16 18 19 20 21 22 26 28 32 35 39 40 41 42 46 49 50 51 56 58 61 62 65 68 69 71 72 73 74 75 77 78 79 81 83 86 87 90 91 92 93 95 98 99 100 101 102 103 104 110 111
107 4 6 11 14 16 17 18 20 22 23 24 25 26 31 34 35 38 39 40 41 43 44 45 47 48 49 50 52 53 54 55 57 59 61 62 64 67 69 70 71 72 75 76 77 82 84 87 88 89 90 91 92 94 97 98 104 105 106 109 110 111 112
108 1 3 6 7 8 14 16 17 18 20 21 24 26 29 34 37 45 47 52 54 57 58 59 60 67 69 71 72 73 74 76 77 79 81 87 88 92 94 96 97 98 99 100 101 105 106 110
109 1 2 3 5 7 8 9 12 14 15 16 18 19 20 21 22 24 31 32 34 35 36 38 40 41 48 51 52 53 55 58 60 61 62 63 65 67 68 70 74 76 78 79 80 84 88 89 90 92 93 94 95 96 97 98 99 105 107 110 111
110 3 4 5 13 14 17 18 20 26 28 32 33 34 35 37 38 39 40 45 46 48 49 51 52 53 54 55 56 59 60 64 65 69 70 71 73 74 75 77 81 82 83 87 94 97 98 99 100 104 107 109 112
111 1 2 3 4 5 7 8 10 11 13 14 17 21 25 26 28 29 31 33 34 35 36 42 46 48 54 56 59 62 67 68 73 74 75 76 77 78 79 80 82 83 84 85 88 89 99 104 105 109 112
112 3 4 6 9 10 11 12 16 17 18 19 20 26 32 33 34 35 36 38 39 44 45 49 50 53 58 59 60 61 62 67 68 69 70 71 76 77 80 81 83 85 87 88 89 91 93 94 96 101 102 103 105 106 107
