98
1 3 4 6 9 10 11 12 14 15 16 17 18 19 21 26 27 28 29 32 34 35 39 40 46 51 52 53 54 56 58 64 66 67 70 72 76 78 79 80 82 83 85 87 88 89 92 96 98
2 1 3 9 10 12 15 16 22 23 25 26 30 31 33 36 38 41 43 45 47 50 51 53 55 57 59 60 62 63 67 69 73 81 82 86 88 91 92 93 95 96 98
3 2 4 5 6 8 9 10 12 14 15 18 20 22 23 27 29 30 33 45 47 49 50 51 55 57 59 60 61 62 64 65 66 68 69 72 75 76 78 79 80 81 84 85 86 87 88 89 94 95 97
4 2 3 5 6 7 8 9 12 14 15 18 23 28 31 33 34 35 41 44 45 46 49 51 52 53 55 57 58 61 63 64 71 74 76 81 86 89 90 94 95
5 2 7 8 9 12 13 14 17 18 19 21 23 25 27 29 32 33 35 41 42 44 45 46 47 48 50 51 56 57 61 63 64 65 67 72 75 76 80 82 84 85 88 90 91 93 96 98
6 3 5 7 10 11 17 18 20 26 28 32 37 39 40 41 43 44 46 47 49 50 53 57 59 60 61 64 66 67 71 74 77 82 83 84 85 90 92 93 98
7 2 3 5 6 8 9 10 11 12 18 19 20 21 22 23 24 26 28 29 32 34 35 41 42 43 45 46 47 48 52 53 56 57 61 62 64 65 68 73 74 75 76 77 80 82 83 86 88 90 92 95 96
8 5 6 7 9 11 13 17 22 26 27 29 32 37 39 42 43 44 47 48 49 50 54 56 57 59 60 61 63 64 66 67 68 71 72 76 78 83 85 86 89 90 93 95 96
9 1 4 5 6 12 13 16 17 20 21 24 26 27 28 31 32 38 46 47 48 51 52 53 54 55 56 57 61 63 65 71 75 76 78 79 80 81 83 86 87 92 93 94 96
10 1 2 6 7 8 11 12 18 20 25 26 27 28 29 31 32 33 34 35 37 38 43 44 46 47 49 50 51 55 57 58 59 60 61 65 66 68 72 73 75 76 77 78 79 80 81 84 85 86 88 95 96 98
11 1 2 3 4 8 10 12 13 16 19 20 24 25 28 30 31 32 35 37 38 40 41 43 50 52 53 55 56 57 58 59 61 63 64 65 68 69 72 73 76 77 79 80 83 84 87 88 90 93 96 98
12 4 5 8 11 13 20 22 23 24 30 31 35 36 39 40 41 42 45 46 47 49 50 51 52 53 55 57 60 62 65 68 69 70 71 72 79 82 83 87 89 90 91 97
13 1 2 6 11 12 16 17 19 20 21 22 26 28 29 30 31 32 33 36 37 39 41 43 48 51 52 53 58 59 64 66 68 69 70 72 75 78 80 81 83 85 86 87 89 90 92 94 96 98
14 2 4 6 7 16 18 19 20 22 25 26 27 28 29 34 35 36 40 45 46 47 48 52 54 55 56 58 62 64 65 66 67 72 74 76 77 78 79 81 82 85 86 90 91 92 93 94 95 96 97
15 1 3 7 10 11 14 16 22 23 24 26 27 28 31 32 33 34 35 36 37 39 41 43 45 47 48 50 52 53 54 59 60 63 65 66 68 69 70 71 73 77 78 79 80 81 83 87 89 90 91 92 95
16 1 3 6 8 9 10 11 12 13 14 15 19 20 22 23 25 27 28 29 30 31 33 35 36 37 38 40 41 43 45 48 49 51 56 57 58 59 60 61 62 65 66 69 75 76 77 78 79 81 82 85 87 88 91 94 95 96 98
17 2 5 10 11 12 13 14 15 18 20 24 25 26 27 28 29 30 32 33 34 35 36 38 39 42 44 45 46 47 50 51 52 53 54 56 57 59 62 64 66 67 71 72 75 76 78 81 83 85 88 92 94 96 97 98
18 1 3 4 7 8 9 11 13 14 15 16 17 21 22 23 24 27 28 30 33 36 37 39 40 44 46 50 52 53 54 57 62 64 65 66 68 69 71 72 73 74 76 77 81 83 84 86 87 88 89 90 92 93 94 95 96 97 98
19 3 5 9 10 15 20 25 28 30 33 36 38 41 42 44 46 47 49 51 52 55 57 58 60 62 66 67 68 70 71 72 73 74 79 81 82 83 84 85 86 90 91 93 94 95 97 98
20 3 4 6 7 8 10 11 14 15 16 18 19 21 23 24 25 26 29 33 34 35 39 41 42 43 46 47 48 51 56 59 60 61 62 64 66 68 70 73 74 75 79 81 85 91 93 95 97
21 2 3 4 7 11 15 16 17 19 23 26 28 30 33 36 42 45 47 49 50 53 55 57 59 63 65 68 69 74 76 78 82 87 88 90 91 92 94 96 98
22 5 7 9 11 15 16 17 18 19 21 25 27 28 29 36 37 38 41 42 46 49 52 55 56 57 60 61 62 63 65 66 68 71 72 75 77 78 89 90 91 93 96 97
23 1 4 7 8 12 14 15 16 17 18 21 24 25 29 32 33 34 36 38 39 40 44 45 48 51 52 53 57 61 63 64 65 66 68 69 70 71 73 74 76 80 83 89 93 94 95 98
24 4 6 9 22 26 27 29 31 32 33 35 36 38 39 41 42 43 44 46 49 51 52 53 54 57 60 61 62 63 65 66 68 72 73 75 76 78 79 80 83 88 93 96 98
25 1 2 3 7 8 9 11 12 14 15 16 18 20 22 24 28 30 32 35 36 38 40 41 42 44 46 49 52 53 56 57 58 61 63 65 69 70 71 72 74 75 77 78 79 81 84 85 86 87 90 91 93 94 95 97 98
26 4 6 10 11 12 15 16 19 23 24 25 27 28 31 35 39 41 45 46 48 49 50 53 57 60 63 64 65 66 70 71 72 79 80 84 85 87 91 93 94 95 97 98
27 1 3 9 10 12 17 20 23 25 29 30 32 33 34 36 37 38 39 41 43 44 45 48 49 51 53 54 56 57 58 62 64 65 66 67 69 70 74 77 79 81 82 85 86 87 94 95
28 1 2 10 12 14 15 16 19 21 22 23 26 33 34 39 41 42 44 47 51 58 60 63 64 65 67 68 73 82 84 86 87 88 89 95 97
29 2 7 14 17 18 25 27 28 30 33 35 36 37 38 41 42 43 45 47 48 49 50 52 55 57 60 62 64 66 68 71 72 73 74 78 80 85 88 91 92 95
30 3 4 5 6 8 14 15 17 22 23 24 25 28 29 31 32 35 36 39 40 42 43 49 53 54 56 57 61 62 66 67 68 69 70 72 76 78 80 87 88 89 92 95 96 97 98
31 1 7 8 13 14 18 19 20 21 22 24 25 26 28 29 30 33 35 37 38 39 40 41 42 44 45 49 50 51 53 54 55 56 59 60 61 65 68 69 71 73 77 78 81 83 84 86 87 92 93 95
32 3 4 5 7 8 9 10 11 13 15 18 19 22 24 25 26 29 31 37 43 45 48 50 52 53 59 60 65 66 67 69 71 72 74 75 77 80 81 82 83 84 85 86 87 88 89 90 91 94 96 97 98
33 1 5 11 12 14 17 20 22 23 26 28 31 32 34 36 37 40 42 45 46 47 50 55 56 57 58 59 60 61 64 65 66 68 70 71 72 74 75 76 77 79 80 81 82 83 84 85 87 88 90 91 92 93 94 95
34 3 4 6 13 15 18 19 22 23 25 27 28 30 31 33 36 37 38 42 43 44 45 48 51 52 54 57 60 61 67 69 71 74 75 76 78 79 80 82 85 86 87 90 91 94 96 97
35 2 8 9 10 11 12 13 14 16 18 19 21 24 25 27 29 31 38 39 40 42 43 44 45 46 48 49 52 53 54 60 63 64 66 67 72 73 74 81 82 84 88 91 94 96 97 98
36 12 13 16 17 18 19 20 21 29 30 31 32 34 35 38 39 41 47 53 54 55 58 59 60 63 66 68 71 72 73 74 75 76 78 80 82 83 90 91 93 94 95 98
37 1 2 3 4 7 9 11 12 13 15 16 17 19 20 21 24 25 28 29 32 33 34 38 39 40 43 44 45 46 48 50 51 54 58 60 62 63 66 68 69 70 71 75 77 79 84 85 86 87 88 90 91 93 94 96 98
38 2 3 9 13 14 15 16 17 22 24 25 28 31 32 34 35 39 41 42 43 46 47 49 50 52 54 56 61 62 65 67 68 69 70 73 75 80 81 84 85 86 87 88 91 94 95 96 97 98
39 2 3 4 6 8 9 10 12 14 19 20 21 24 29 31 32 33 34 37 42 43 51 54 55 56 58 59 60 61 63 65 66 69 70 74 75 78 80 83 84 85 86 87 89 92 93 94 95 97
40 1 2 3 5 6 7 10 11 13 14 16 17 22 23 24 28 29 30 34 35 36 37 39 41 43 45 46 48 49 50 52 53 56 63 66 70 75 76 77 79 81 83 85 87 88 89 90 91 93 94 97 98
41 5 7 9 11 13 14 15 16 18 19 21 22 23 24 27 29 34 36 37 40 43 48 49 50 52 54 55 56 59 60 61 62 63 65 72 73 74 77 80 82 83 86 88 89 92 93 97
42 2 4 6 7 9 10 12 13 14 15 16 17 21 22 24 25 26 27 30 32 34 35 37 38 39 43 51 52 53 55 58 60 61 62 65 68 69 70 71 72 73 75 76 81 82 83 84 86 87 88 89 92 95 96 97
43 1 4 5 6 8 10 11 12 14 15 18 22 23 24 26 27 28 31 32 34 36 41 44 46 50 51 52 53 55 56 57 62 63 65 66 68 70 74 77 79 81 82 88 90 91 93 94 96
44 2 3 4 6 7 9 11 12 13 15 16 17 18 19 20 22 25 28 29 30 33 34 36 39 41 43 45 51 52 53 54 56 58 60 62 64 67 68 71 73 74 75 76 77 80 83 84 86 87 89 94 96 97
45 1 2 3 4 5 6 7 8 9 13 14 15 17 18 20 22 25 27 29 30 31 32 34 36 37 40 42 43 44 46 47 48 52 53 54 55 57 60 65 66 67 70 71 72 73 74 75 80 84 85 86 93 94 95 96 97
46 1 2 3 4 7 8 10 11 12 14 15 16 17 18 22 23 25 26 27 28 29 32 33 35 36 37 38 41 42 43 47 48 50 52 53 54 69 72 76 77 79 80 81 82 86 87 90 91 93 94 97 98
47 1 3 4 5 7 10 11 12 14 15 16 18 19 20 23 24 30 32 34 39 41 44 45 46 48 49 52 53 55 57 60 63 64 65 66 68 69 71 77 80 82 83 86 88 90 91 95 96
48 2 4 8 9 10 14 15 16 17 20 23 25 26 29 30 32 33 35 38 40 44 45 47 50 52 54 55 56 57 59 60 61 63 66 68 70 72 73 77 78 80 85 87 89 91 92 96 97
49 1 2 3 7 9 12 13 14 15 16 18 21 22 24 27 28 29 33 35 36 37 41 42 44 47 53 56 57 58 59 60 61 62 64 66 67 69 70 72 73 76 77 78 79 82 85 88 92 93 95
50 2 3 6 7 8 9 10 11 13 14 15 18 20 21 22 23 24 25 28 30 31 33 36 38 39 40 41 44 45 46 48 53 54 55 56 58 59 61 62 67 68 69 70 74 75 77 79 80 82 87 91 93 95 97 98
51 1 2 4 5 6 7 9 12 13 14 19 20 21 22 24 34 35 36 37 38 39 40 41 45 46 47 48 49 52 56 57 58 59 62 63 65 66 69 70 71 79 81 82 87 89 91 92 93 94 95 96 97 98
52 1 2 3 5 14 16 18 21 24 25 26 28 30 31 32 34 36 39 42 44 45 46 48 49 50 51 53 55 56 58 62 63 65 66 67 68 69 70 75 76 77 79 81 83 84 85 88 92 93 97 98
53 3 4 5 6 8 9 11 12 17 18 19 20 23 24 26 27 29 31 34 38 41 42 44 46 47 54 56 57 58 60 61 62 63 64 65 67 70 72 73 77 78 81 82 83 84 85 87 91 92 96
54 1 2 3 4 7 9 11 12 13 14 16 17 19 20 21 22 24 33 35 36 37 41 44 45 48 49 51 53 55 56 57 58 60 61 62 64 65 66 70 71 74 76 80 82 84 88 89 91 96 98
55 4 8 9 10 11 13 14 18 20 22 24 25 26 31 33 36 40 41 45 46 47 54 56 59 62 64 66 67 69 72 75 76 77 79 82 84 85 86 87 90 95 96 98
56 1 2 4 5 6 7 8 11 12 15 16 21 23 24 25 27 28 30 31 33 34 36 38 41 42 44 46 47 48 49 50 51 52 53 57 58 59 61 63 67 68 70 72 73 74 77 78 84 85 92 93 94 95 96
57 1 2 5 7 8 12 13 15 16 17 20 23 26 27 30 32 34 35 37 38 39 41 42 43 48 54 55 58 59 60 61 62 65 69 70 71 72 74 75 79 81 86 88 89 91 92 93 95 98
58 2 3 4 5 6 7 8 12 13 14 17 18 19 21 23 24 28 29 33 37 38 40 44 45 46 47 54 56 57 66 68 69 72 74 75 76 79 80 81 82 83 84 87 88 92 96 98
59 1 2 5 6 7 9 15 16 18 19 20 22 24 26 31 32 33 36 38 39 41 43 46 48 49 50 51 53 55 56 57 58 61 62 67 71 72 74 75 76 77 79 80 82 84 85 86 91 93 94 95 97 98
60 1 6 11 12 15 16 18 30 33 34 35 36 38 40 43 44 45 47 48 49 50 52 53 54 55 56 57 58 63 65 66 69 70 72 73 75 81 82 83 84 88 89 90 91 92 95 97
61 1 3 6 7 9 11 13 14 15 16 17 18 19 20 26 27 32 34 36 37 38 41 42 46 48 52 53 57 59 60 65 66 67 68 69 71 72 73 76 78 79 81 82 84 88 90 91 92 94 96 97 98
62 2 3 4 5 6 7 10 13 16 19 20 21 22 25 27 28 29 31 32 33 35 36 38 42 43 44 45 46 48 49 50 52 56 58 59 60 65 66 67 68 69 70 71 72 74 77 78 81 83 85 86 87 88 89 90 92 93 97
63 1 2 3 4 8 9 10 11 14 15 16 18 19 22 25 27 28 29 30 31 33 34 35 36 37 41 42 44 51 58 59 70 71 73 74 81 82 83 85 86 87 88 89 90 94 95 97 98
64 1 3 5 7 8 10 11 13 14 15 23 25 27 30 33 35 36 39 41 43 44 48 49 52 55 57 58 61 67 68 69 72 74 75 76 77 79 80 83 86 87 89 90 91 94 95 98
65 1 3 4 5 9 11 13 15 18 19 21 22 23 25 26 28 29 31 33 36 38 40 42 45 50 51 55 60 63 66 67 69 71 72 73 74 78 80 84 85 86 87 88 89 93 94 97 98
66 2 3 4 10 11 14 15 19 21 23 25 28 32 34 35 36 38 41 43 44 46 47 48 49 51 52 58 59 60 72 75 80 81 82 88 90 93 96 98
67 1 5 9 10 13 14 15 17 20 22 23 24 25 27 28 30 31 33 34 38 43 48 52 54 57 58 59 60 64 68 70 71 74 76 77 81 82 83 84 85 86 88 90 91 93 94 95 96 97 98
68 2 3 6 7 9 10 11 12 13 14 16 17 18 19 20 21 22 24 25 27 29 32 33 34 37 42 44 45 46 48 50 53 54 55 57 59 60 61 63 64 66 67 70 72 74 79 82 84 90 93 94 96 97 98
69 5 6 7 11 12 14 15 17 18 21 22 28 30 31 33 36 37 38 40 41 44 45 47 51 52 53 55 60 61 65 68 70 72 73 74 76 78 80 82 83 84 85 88 91 92 93 94 97 98
70 5 6 8 9 18 19 20 21 22 23 24 27 30 32 33 35 37 38 44 50 51 52 53 54 63 67 68 72 73 74 76 77 78 82 84 90 93
71 2 8 9 10 12 14 16 17 18 20 21 23 24 26 27 33 37 38 39 42 43 45 46 48 51 52 53 54 56 59 61 62 64 65 67 69 72 73 75 76 77 79 84 85 86 88 89 95 96 97
72 1 2 3 6 7 8 9 10 12 14 15 16 17 19 20 23 26 28 30 37 38 40 44 47 50 51 53 56 58 59 63 67 69 74 76 77 78 80 83 85 86 89 91 92 94 96 97
73 1 3 6 7 8 10 12 14 17 19 20 22 23 24 28 30 32 34 36 40 44 45 46 50 51 53 54 56 57 58 60 62 64 66 69 70 71 72 76 77 79 80 81 87 92 93 94 95 97 98
74 1 4 5 8 9 14 16 22 24 25 27 28 30 31 34 36 38 39 47 50 51 52 53 54 56 58 59 60 62 63 64 66 69 70 72 73 75 80 84 85 86 87 88 90 93 94 95 96 97
75 2 3 6 7 8 9 11 13 17 18 19 20 21 23 24 26 29 31 32 36 38 39 41 43 44 45 47 48 50 51 54 57 58 60 63 64 65 66 68 69 70 73 77 78 80 81 82 86 87 89 93 94 97 98
76 3 4 7 9 11 14 15 16 17 18 20 22 26 27 28 31 35 36 38 39 43 46 47 48 49 50 54 55 56 58 61 62 63 65 66 67 68 71 72 73 74 78 80 81 82 83 85 87 88 89 94 97 98
77 1 2 6 8 11 12 13 15 16 18 19 22 23 24 25 27 29 31 35 36 38 39 41 42 43 44 45 47 49 50 51 52 53 54 58 61 63 64 65 66 67 69 71 72 73 76 79 80 81 82 83 85 89 91 92 93 94 95 98
78 2 4 5 6 7 8 14 15 18 21 22 23 24 25 26 28 29 30 31 32 36 38 42 43 45 46 47 50 54 56 61 62 63 64 65 66 67 70 71 72 74 77 79 81 82 86 87 91 93 95 96 97
79 2 3 4 5 8 9 10 12 15 16 18 20 21 25 28 29 30 31 33 35 36 37 39 45 48 51 52 53 54 56 57 58 62 63 65 68 70 72 74 75 81 83 87 92 94 98
80 1 2 6 7 9 11 14 16 17 22 26 29 31 33 34 37 38 39 43 44 46 48 50 56 57 58 59 62 64 65 70 71 73 76 77 79 81 82 84 87 88 92 93 96
81 1 3 5 7 8 11 13 16 17 19 20 21 27 28 30 31 32 33 35 36 38 39 41 43 44 59 62 67 69 70 71 72 73 74 75 76 78 84 85 87 89 90 91 93 94 96 98
82 2 3 7 8 9 14 16 18 20 21 22 24 26 31 32 35 36 38 40 41 42 44 46 50 51 52 53 54 56 62 66 69 70 72 74 76 79 83 85 86 87 90 91 92 93 94 95 96
83 6 7 11 12 13 15 16 18 19 20 26 28 30 31 32 33 35 36 37 38 39 40 41 42 44 45 46 47 51 52 53 54 58 60 63 64 67 68 70 71 73 75 76 77 78 79 80 87 88 89 94 95 96
84 2 3 4 7 10 11 12 15 17 19 23 26 27 30 31 32 36 37 43 44 45 50 51 52 54 55 60 61 62 66 67 68 69 73 74 75 76 78 79 81 82 85 86 89 93 97
85 2 3 4 7 9 12 13 14 15 18 20 25 27 28 31 37 40 42 44 45 46 49 51 52 53 54 57 59 67 72 77 79 80 81 82 83 84 86 87 88 89 90 94 95 97 98
86 1 2 3 5 6 7 9 12 14 15 16 19 21 22 23 24 26 28 29 32 34 37 38 39 40 44 46 49 50 51 52 56 61 65 66 70 71 72 73 74 75 77 79 81 83 87 88 89 93 94 96 97
87 1 2 3 4 6 8 10 12 14 15 16 18 19 21 22 23 25 26 27 29 30 34 35 38 39 40 42 43 46 48 51 52 53 55 57 61 63 65 66 68 69 70 71 73 75 77 78 80 82 84 85 86 90 91 92 94
88 5 8 9 15 16 18 21 22 23 25 27 31 32 36 38 39 42 43 48 49 50 51 54 58 59 60 61 62 65 67 68 71 72 74 75 76 78 79 81 82 84 85 86 87 89 93 95 97 98
89 1 7 10 13 17 18 19 20 21 27 28 29 31 32 34 36 37 40 41 42 43 44 45 51 55 56 59 60 62 63 64 65 66 69 70 73 74 75 79 80 82 85 87 88 90 92 93 94 95 96 98
90 1 4 5 6 8 9 10 11 14 16 17 18 19 21 27 28 31 33 35 36 37 38 39 40 41 42 44 47 50 52 53 55 56 57 59 60 62 63 64 65 67 68 75 78 82 83 87 88 93 94 95 98
91 1 2 4 6 7 8 9 11 12 17 19 20 23 24 27 28 29 30 33 34 37 38 39 41 43 44 45 46 47 48 51 52 53 58 59 61 62 63 68 69 72 73 74 75 84 86 88 90 94 95 97 98
92 3 6 8 10 11 14 15 16 18 19 20 23 34 35 36 37 38 39 41 42 44 45 49 51 53 55 56 58 60 61 62 65 66 67 68 69 71 73 76 77 79 80 82 86 89 93 95 97 98
93 2 3 4 5 7 14 16 19 20 21 22 24 25 26 27 30 31 33 35 42 43 46 48 49 51 58 59 60 61 62 63 67 71 72 73 75 79 80 81 83 84 88 91 92 95 96 98
94 2 4 5 6 7 10 13 15 16 18 19 21 25 26 28 32 33 42 46 49 52 54 55 58 62 64 66 67 68 74 75 77 79 80 82 87 88 92 93 95 97 98
95 1 2 7 8 9 12 20 22 23 25 26 29 33 35 37 39 41 42 43 46 50 56 57 61 62 64 68 71 73 74 76 77 78 81 82 84 85 88 90 91
96 5 7 10 13 14 15 16 17 18 21 22 23 26 28 29 30 31 32 36 37 38 40 41 42 44 45 46 48 49 50 54 56 60 62 63 65 67 75 76 77 82 83 85 86 88 89 91 94 97
97 1 2 5 7 9 12 14 15 16 17 20 23 25 27 28 29 32 33 34 38 40 42 43 46 47 50 51 53 55 56 58 60 61 63 64 65 66 69 72 73 75 79 85 88 89 91 92 93 95
98 1 3 4 6 11 13 16 17 18 22 23 24 25 26 27 30 32 34 35 38 40 46 48 52 54 56 59 65 66 70 71 72 73 74 75 77 78 79 81 82 83 84 85 86 88 92 93 96 97
