119
1 2 6 7 8 10 12 14 15 16 17 18 19 20 22 24 25 26 28 29 32 36 38 39 43 45 47 49 55 56 57 58 59 63 66 67 68 69 71 73 74 75 77 79 83 85 88 90 92 93 94 95 96 97 100 102 105 106 108 113 114 115 118
2 5 6 7 8 10 11 13 14 15 16 17 20 22 25 27 28 31 34 37 42 43 47 49 50 54 56 57 58 59 60 62 63 64 65 67 69 72 73 74 75 76 79 80 81 83 85 87 89 92 93 97 98 101 102 106 108 109 116 117 118 119
3 2 4 6 7 9 10 11 12 13 14 18 19 21 22 24 26 27 28 32 34 35 36 37 38 39 41 42 43 44 46 49 50 52 59 61 65 66 67 68 70 72 74 75 76 78 79 81 82 87 88 89 94 96 97 98 99 100 101 103 107 108 109 111 113 115 117
4 1 2 3 6 7 9 11 13 14 15 20 21 23 24 26 27 30 31 33 35 43 45 47 48 49 50 51 55 56 58 59 61 63 64 68 69 70 71 72 73 74 75 78 79 80 81 83 90 95 97 100 101 102 103 104 105 107 109 111 112 114 119
5 2 4 6 8 10 12 14 15 18 22 23 25 26 27 29 30 32 35 36 41 44 45 47 49 50 55 56 57 60 61 63 65 66 67 68 69 70 71 72 74 76 79 80 81 84 88 90 97 99 101 102 103 104 105 106 107 113 117
6 2 4 5 7 8 9 10 12 13 17 18 19 22 23 24 29 30 31 34 35 38 40 41 44 46 47 48 49 52 53 54 55 59 60 62 63 70 72 74 75 76 78 79 82 83 84 87 89 92 93 95 96 100 102 104 107 109 110 112 115 116 118 119
7 5 9 10 12 13 14 15 17 18 19 20 22 25 26 29 31 32 33 34 38 43 44 45 47 48 49 52 53 56 57 58 60 62 66 67 69 70 78 79 81 82 83 87 88 89 90 93 94 95 96 97 98 101 105 106 110 113 117 118 119
8 1 2 3 5 6 9 11 13 15 16 18 25 27 28 30 31 33 34 36 37 38 40 45 46 47 50 51 53 54 57 60 61 63 64 66 68 70 71 72 74 75 76 77 79 80 83 84 85 86 87 89 90 93 94 95 97 98 99 100 102 105 107 109 110 111 114 116 117 119
9 3 4 5 15 17 18 24 27 28 29 31 33 34 35 39 40 41 43 44 45 46 50 51 53 57 60 61 64 65 66 69 71 72 73 78 80 82 84 85 88 89 91 92 95 96 98 99 100 107 108 109 111 112 113 116 117 118 119
10 1 3 4 6 8 11 13 14 18 24 25 30 33 34 35 36 39 40 43 45 47 48 53 54 56 57 58 60 61 64 65 68 73 75 76 77 79 81 93 94 95 96 101 104 106 107 111 112 114 117 118 119
11 3 6 8 10 13 14 16 22 25 26 27 28 31 32 35 37 39 41 42 44 46 47 48 51 54 55 56 58 61 62 64 65 66 67 69 70 73 75 76 80 83 86 90 91 94 95 96 98 103 107 108 110 113 114 117
12 2 3 4 6 9 15 16 18 19 21 22 23 24 26 28 29 32 33 35 41 42 44 46 47 49 50 51 52 53 55 61 62 63 65 66 68 69 71 75 76 77 78 79 80 81 82 84 87 89 90 91 99 100 102 108 112 113 117 119
13 1 3 4 5 6 7 8 10 15 18 23 24 25 26 31 33 34 36 38 39 40 41 42 45 46 53 54 56 60 61 63 64 67 68 69 70 71 72 77 78 80 81 82 84 85 88 93 97 98 100 102 104 106 107 108 110 111 114 116 117 118
14 1 4 11 12 13 17 18 19 21 23 24 25 27 29 30 31 32 33 34 36 39 41 44 45 48 49 51 52 53 55 56 57 59 60 63 64 66 67 68 71 72 73 75 76 80 81 82 83 86 87 88 91 92 93 94 97 98 105 107 112 113 115 116 118
15 1 2 3 5 6 8 9 12 16 18 20 22 23 24 27 28 29 30 31 32 33 35 39 42 43 45 47 48 50 53 54 55 62 63 64 65 67 70 74 76 77 78 79 80 81 82 85 86 87 88 89 90 91 92 99 101 102 104 106 108 114 115 117 118 119
16 2 3 4 6 8 9 11 15 17 18 19 20 22 23 24 25 27 29 31 32 34 35 36 37 38 43 47 48 51 52 53 56 59 60 61 63 67 68 76 83 85 88 91 93 95 98 99 100 101 102 104 105 107 108 109 110 111 112 114 116
17 3 4 5 8 9 10 11 13 14 15 16 18 19 20 29 30 35 37 43 45 48 49 50 51 52 54 56 57 73 74 75 76 77 78 80 81 83 84 85 86 88 89 90 91 94 98 100 102 104 105 107 108 109 110 111 112 114 118 119
18 1 2 4 5 6 7 8 11 13 14 23 24 25 26 28 30 31 33 37 38 40 41 42 45 47 49 50 53 55 58 60 61 65 67 68 69 71 73 74 75 78 79 81 82 84 88 91 95 96 97 101 106 107 110 111 112 115 116 118 119
19 2 3 4 6 7 8 11 13 15 16 17 21 24 27 29 30 34 36 38 39 40 43 45 52 55 58 60 61 62 66 67 70 71 75 80 81 82 84 87 88 90 94 97 98 99 100 101 102 104 105 107 108 110 111 113 114 116 117 118
20 2 3 6 8 10 11 12 13 14 16 19 21 23 26 27 28 33 34 35 36 46 49 50 51 53 55 57 58 60 61 62 65 66 72 74 76 77 79 80 82 83 85 94 102 105 108 111 112 113 114 115 116 118 119
21 2 3 5 7 9 10 14 15 16 17 18 20 24 26 27 28 31 32 33 34 35 38 40 41 42 43 44 45 47 51 52 53 55 63 65 68 69 70 71 72 74 75 76 77 79 83 87 88 89 90 91 92 97 99 101 104 105 108 109 111 112 114 116 119
22 3 5 9 10 12 16 17 18 19 20 21 25 28 29 30 31 32 35 38 39 40 44 45 46 47 48 51 52 56 57 59 61 62 63 64 69 70 72 73 74 77 78 82 83 87 88 89 92 94 95 99 101 104 107 111 112 113 114 116 119
23 1 4 5 9 11 12 15 16 17 19 20 21 22 24 25 27 28 29 31 32 37 39 41 44 49 50 54 55 57 58 59 61 63 64 67 70 72 75 77 80 81 82 83 84 85 87 88 90 91 94 95 96 97 98 99 100 104 105 106 107 109 110 112 113 114 115 116
24 2 3 4 5 6 8 11 12 13 15 21 22 25 27 31 35 36 38 39 40 42 43 44 45 46 47 50 54 57 59 63 66 70 73 74 76 77 78 80 84 85 87 89 90 94 97 99 100 103 104 112 116 118
25 2 5 7 8 9 11 12 13 14 16 17 21 22 27 30 31 37 38 39 41 42 48 51 53 54 55 57 60 61 63 65 66 68 69 70 72 73 75 78 80 83 85 88 89 93 96 99 102 103 104 106 108 109 113 114 115 118
26 3 4 5 6 8 11 12 13 14 15 16 17 20 22 23 24 25 28 29 30 32 34 35 39 41 42 44 46 47 48 50 51 53 55 56 61 63 65 66 67 68 70 71 74 76 77 81 84 86 88 89 90 91 92 93 94 95 97 98 99 100 101 103 104 107 108 112 114 115 116 118
27 1 5 6 10 12 13 17 19 20 21 22 23 24 26 28 29 30 33 34 36 39 42 43 49 50 51 53 55 56 57 62 64 70 71 72 73 74 75 80 81 82 86 89 90 91 95 98 99 101 104 108 109 110 111 112 113 115 116 117 118 119
28 1 2 4 5 6 8 10 14 15 16 19 23 26 27 29 30 31 35 36 37 43 44 46 51 52 53 54 56 58 59 60 61 66 68 69 72 73 74 81 82 83 85 89 96 97 99 102 103 105 106 109 110 112 114 116 117 118 119
29 2 6 7 11 12 13 15 16 18 19 27 30 33 35 37 41 44 45 48 52 53 54 55 57 58 60 61 62 63 65 68 69 70 72 75 77 78 79 80 82 83 85 86 88 92 94 95 96 98 100 102 103 104 105 110 111 113 114 116 117 119
30 1 2 3 5 6 8 9 10 11 12 14 15 16 17 19 20 24 27 33 36 39 41 43 44 48 56 57 61 62 67 70 71 72 73 74 77 81 83 84 85 86 88 89 92 95 96 100 101 102 104 109 112 114 116 118 119
31 1 4 5 12 14 15 17 18 19 23 26 28 29 32 33 36 38 39 41 43 44 46 49 50 53 57 62 63 64 67 69 70 72 75 77 78 79 80 82 84 85 87 90 91 93 94 97 100 102 105 116 117 119
32 1 4 7 8 11 12 13 14 16 17 21 22 23 24 26 27 31 35 36 37 42 44 45 48 49 50 51 54 55 59 60 62 64 67 69 70 72 73 74 77 79 80 82 86 95 96 101 102 103 111 113 114 115 116 117 118 119
33 1 2 3 7 13 14 17 18 20 26 27 29 32 35 36 37 40 44 45 50 53 58 59 60 62 64 66 70 71 75 79 80 81 82 85 88 89 91 94 96 97 98 101 103 105 106 110 112 113 114 115 116 118 119
34 3 4 6 8 9 10 11 14 16 17 19 20 24 25 28 30 31 32 37 40 41 44 46 47 51 52 53 56 61 62 63 68 69 71 72 74 76 77 79 83 84 86 89 94 99 101 104 105 107 109 111 112 113 114 117 118 119
35 2 5 6 8 9 14 15 16 17 20 21 23 24 25 33 34 36 38 39 40 43 46 47 48 50 51 54 55 65 66 68 69 70 71 73 74 76 78 80 81 83 84 85 86 88 89 96 97 98 101 102 105 109 110 111 112 113 114 117
36 2 8 9 11 12 14 17 19 21 22 25 28 31 33 37 40 41 43 45 47 48 50 52 53 55 56 58 59 60 64 66 67 68 70 74 75 77 82 84 85 86 89 90 92 94 96 104 107 108 115 119
37 1 3 4 6 9 14 17 20 21 24 25 27 30 33 40 41 42 45 50 51 52 54 57 60 61 62 63 64 65 66 68 71 72 78 79 80 81 83 84 86 87 88 89 91 92 93 94 97 98 100 102 106 107 108 112 114 115 116 117
38 2 4 6 8 9 10 15 16 19 21 22 23 25 27 29 30 32 36 39 43 44 46 48 49 50 51 52 53 57 62 63 64 66 70 72 73 74 78 79 80 81 84 85 87 89 94 95 96 99 100 103 104 105 107 113 114 115 119
39 2 3 4 5 7 8 9 10 12 14 15 16 20 24 25 26 27 29 34 35 36 37 41 42 43 44 46 47 48 50 51 53 54 55 58 59 60 70 71 72 74 76 77 78 84 85 92 94 97 100 101 104 105 106 108 111 112 114 116 117
40 3 9 10 15 16 18 19 25 26 27 28 29 30 31 32 34 35 38 39 42 43 44 46 47 50 51 52 53 54 59 60 61 64 68 70 72 74 75 76 77 79 81 82 83 84 85 86 87 89 91 96 100 103 106 107 110 111 113 114 118 119
41 1 2 4 6 9 10 13 14 15 16 17 19 20 21 27 28 34 36 38 39 43 46 49 50 53 54 60 61 62 65 66 67 69 73 77 78 80 84 85 87 88 91 92 93 94 96 97 101 103 106 108 109 111 115 117 118 119
42 1 3 4 6 7 20 21 22 24 26 29 35 36 37 38 39 40 41 44 45 50 52 53 54 57 58 62 65 66 67 69 72 73 76 78 84 85 89 91 93 97 98 99 104 105 107 110 112 113 117 119
43 1 2 3 5 6 8 9 15 18 21 22 29 30 31 32 35 38 39 40 42 45 46 50 51 52 54 55 56 60 61 62 63 66 72 73 74 75 77 82 85 86 89 90 95 98 99 101 102 105 106 110 113 114 116 117 118 119
44 4 8 9 13 15 19 20 23 24 25 26 31 33 37 42 43 45 46 49 50 51 52 53 57 69 73 74 76 77 79 80 82 87 90 91 92 94 97 99 102 103 104 107 108 111 112 114 115 119
45 7 10 13 14 15 16 17 19 20 22 24 25 26 28 30 31 32 34 35 38 44 46 48 50 51 53 54 58 62 63 66 69 79 82 84 87 88 90 92 93 94 96 97 99 103 104 107 110 111 112 113 116 117 119
46 1 3 4 7 9 13 17 21 24 25 27 28 30 32 35 36 37 39 40 41 43 44 45 47 50 52 53 58 60 63 70 71 73 74 75 77 79 81 82 85 87 93 95 97 101 105 110 112 113 114 119
47 1 2 4 7 8 11 14 15 16 17 21 26 28 29 30 33 35 36 37 39 43 45 46 49 50 51 52 53 55 57 58 60 62 63 64 65 66 67 75 76 77 78 80 81 82 83 84 86 88 89 90 95 96 97 98 101 102 103 104 106 107 109 113 114 115 117 118 119
48 1 2 4 5 7 8 10 11 13 16 17 19 20 23 28 30 31 33 37 39 41 42 43 45 49 50 51 54 55 56 57 59 60 61 62 64 65 67 68 73 74 75 77 78 82 83 84 86 88 89 93 94 97 99 101 103 105 106 107 108 110 112 113 115 116 119
49 3 4 6 8 9 10 11 12 13 14 16 17 18 19 20 22 23 24 25 29 31 33 36 37 38 39 41 42 43 44 50 53 54 55 56 57 58 63 65 66 68 72 74 76 77 79 81 85 87 88 92 97 99 100 101 102 103 105 106 116 117
50 3 4 6 7 8 9 10 13 14 15 16 20 21 22 24 29 30 32 33 34 35 37 38 40 42 43 44 45 46 48 51 55 56 60 61 63 65 71 73 74 77 78 79 81 82 83 84 85 86 87 88 92 93 94 95 97 98 103 104 105 106 107 109 110 111 112 114 115 117 118
51 4 13 17 21 24 26 30 34 35 41 42 46 48 52 53 54 58 60 61 63 64 66 67 68 72 73 74 76 77 78 82 84 86 90 91 92 98 100 102 103 105 107 108 111 112 113 114 115 117 119
52 2 3 5 8 11 13 14 21 22 23 24 25 27 28 30 31 32 38 39 40 44 48 49 50 51 53 55 56 59 61 68 72 74 78 79 80 81 82 83 86 88 90 93 94 99 103 104 105 107 111 113 115 119
53 1 4 5 9 10 14 15 16 17 18 27 29 30 32 33 36 39 41 43 44 48 49 50 51 54 57 58 59 63 66 69 71 72 74 80 82 83 84 86 88 89 91 92 93 94 96 98 102 103 104 105 106 111 114 115 116 117
54 1 2 3 4 5 6 10 11 12 15 16 18 19 20 22 25 30 31 33 34 35 37 40 44 45 46 47 48 51 52 56 61 62 64 65 66 68 70 75 76 78 88 91 92 97 99 101 102 103 105 108 110 113 114 115 116 117 118 119
55 2 3 4 5 8 9 10 11 12 13 15 16 17 22 24 26 27 28 29 31 32 34 36 37 38 40 41 43 45 46 47 49 50 56 58 59 61 70 72 73 74 76 77 78 80 84 85 87 88 89 92 93 94 96 99 100 101 102 103 108 109 110 115 118
56 1 3 4 5 8 11 15 16 17 18 19 21 23 25 26 27 29 32 33 34 39 40 46 50 55 57 59 62 63 64 67 68 69 70 71 72 77 79 80 81 83 86 88 89 90 91 99 100 102 103 104 105 107 110 111 112 113 114 117
57 2 3 9 10 13 15 16 17 26 28 29 32 33 34 36 37 42 43 47 49 51 56 59 60 62 63 64 65 67 68 70 74 81 88 90 93 94 96 99 100 101 104 105 106 108 110 111 113 115 117 118 119
58 2 3 5 6 7 8 11 12 14 15 16 19 20 21 23 26 28 29 30 34 35 37 39 40 42 44 50 51 56 57 59 62 63 64 70 71 73 75 78 79 81 83 86 87 89 92 95 97 98 99 101 106 107 108 109 110 111 113 114 115 118
59 2 3 6 8 9 11 12 15 18 19 20 22 26 27 28 30 33 34 37 39 40 41 43 44 45 47 48 49 53 54 55 56 60 61 62 64 66 68 71 73 74 75 76 77 82 83 85 86 87 90 92 93 94 97 98 100 101 103 104 106 107 112 113 114 116 119
60 3 14 15 16 17 23 24 25 27 29 33 34 37 38 40 45 48 49 50 52 53 54 55 59 61 62 63 65 67 68 70 71 72 73 76 78 82 83 84 86 87 88 89 95 98 99 100 104 107 108 109 114 115 116 119
61 3 5 9 10 13 15 16 18 19 21 22 29 31 32 34 36 37 38 40 42 43 44 45 46 47 49 54 55 56 59 60 62 63 64 66 67 70 72 75 76 77 80 82 83 85 89 90 91 92 94 97 98 99 102 107 108 109 111 112 113 116 117 118
62 1 5 6 9 15 18 19 21 22 23 25 26 28 29 30 31 35 37 38 39 40 43 44 46 47 49 51 52 54 55 57 58 59 60 63 65 66 67 68 73 74 75 76 77 78 79 84 86 88 94 96 100 102 104 105 107 110 111 113 116 118
63 1 4 6 8 13 16 17 18 20 21 22 23 28 29 32 33 34 35 38 40 43 49 50 51 52 53 54 57 59 60 61 65 68 69 71 72 73 74 75 80 83 89 90 91 92 95 97 99 102 104 107 108 111 112 114 116 117 118
64 1 2 4 5 7 10 15 16 20 21 22 27 28 30 32 36 40 42 43 45 46 47 49 51 55 59 60 61 62 63 65 68 70 71 77 79 80 84 90 91 93 96 98 99 100 101 104 105 109 110 112 113 114 115 116 117 118
65 2 3 4 5 6 7 8 9 12 18 19 20 31 32 33 34 36 37 43 44 46 47 48 50 51 53 54 55 56 57 59 61 63 64 68 70 71 73 76 80 82 83 87 88 89 90 91 92 96 97 98 100 101 102 103 104 108 109 111 113 114 116 118
66 3 5 7 8 10 12 13 16 20 21 24 29 30 32 34 35 38 39 42 44 45 46 47 48 49 50 51 52 53 54 57 58 61 63 64 65 68 71 72 73 77 79 80 83 84 86 93 94 96 98 100 101 102 109 113 115 116 117
67 1 6 7 8 10 13 15 16 17 20 24 25 26 27 30 31 32 38 39 40 41 42 43 45 46 52 53 55 56 59 63 64 65 66 69 70 74 76 78 80 81 83 84 86 87 88 91 96 99 102 104 105 109 110 111 113 114 117 118
68 1 4 5 7 8 9 11 12 14 17 19 21 22 23 24 25 27 31 32 33 34 36 38 40 41 43 44 45 46 50 51 53 54 55 57 58 61 62 63 65 66 69 70 71 72 73 74 76 77 78 79 80 81 82 83 84 85 86 88 90 91 95 96 98 100 101 102 107 111 112 114 115 117 118 119
69 1 6 9 11 12 15 16 19 24 25 27 30 33 38 39 42 43 46 47 48 49 50 52 54 56 57 65 66 70 73 74 75 76 77 79 80 82 85 86 87 89 91 92 94 97 98 101 102 103 106 107 111 113 114 115 116 117
70 1 2 3 5 8 14 18 20 23 28 30 32 38 39 40 42 45 46 50 51 53 54 56 60 61 63 64 66 67 75 76 78 79 84 85 86 87 88 91 92 93 94 96 97 99 102 105 106 107 109 113 115 116 117 118
71 1 12 13 15 16 18 21 22 29 34 37 39 40 42 43 45 47 52 56 58 60 62 63 64 68 69 70 72 76 77 79 80 83 85 89 90 91 92 93 97 98 102 103 106 107 109 111 114 115 117 119
72 1 2 4 10 11 12 14 16 18 21 22 23 30 31 33 34 35 36 37 39 41 44 48 49 50 51 54 55 58 62 63 64 65 74 79 82 86 87 88 93 96 101 102 103 104 106 108 109 110 111 113 114 115 116 117 118 119
73 2 3 4 5 6 9 10 12 13 14 16 18 19 20 22 25 26 27 31 34 35 36 42 43 44 45 46 47 49 50 51 54 56 58 59 68 69 70 71 72 74 75 77 78 80 81 82 86 89 94 95 96 99 102 104 105 106 107 108 109 110 112 115 116 117 119
74 1 4 5 8 9 14 15 18 21 22 23 24 25 27 28 30 33 36 38 39 40 41 43 45 51 52 53 54 56 58 62 64 66 67 68 69 70 72 73 77 79 82 83 85 87 90 93 94 95 101 102 104 106 107 108 109 110 111 114 119
75 1 2 3 5 6 7 8 9 10 13 14 17 18 19 22 24 27 28 29 32 35 36 39 40 44 47 48 49 50 51 52 54 55 56 58 60 61 64 65 66 67 69 70 71 74 78 79 81 83 84 85 86 88 89 91 92 94 95 96 98 99 102 105 106 107 108 109 111 113 114 115 118 119
76 1 3 4 6 15 17 19 20 22 23 25 26 28 33 34 36 39 41 42 44 48 50 53 54 55 58 59 60 61 64 65 67 68 69 71 72 73 74 75 78 81 82 86 87 88 89 94 95 96 97 98 101 103 104 105 107 110 112 114 115 119
77 2 4 5 6 9 10 11 14 15 17 19 24 25 26 27 28 29 30 31 32 36 38 40 43 45 46 47 48 51 53 54 55 56 57 60 61 62 64 65 68 73 74 75 76 78 80 84 88 89 90 91 94 95 96 99 100 107 108 110 111 113 114 115 116 118 119
78 1 5 9 10 11 12 13 19 20 21 22 23 24 25 27 29 32 34 36 38 39 41 47 48 49 51 52 53 54 58 59 61 62 64 66 69 71 72 73 74 80 85 86 88 91 93 95 96 97 98 99 100 101 102 104 106 107 109 112 116 117 118
79 1 3 5 7 9 10 12 13 14 15 22 23 24 27 33 35 36 37 38 41 42 44 47 50 52 56 58 59 61 62 63 65 66 69 71 73 74 75 76 78 80 82 84 87 89 90 91 94 96 97 98 99 101 103 105 107 110 112 113 116 117 118 119
80 2 4 8 9 11 13 14 15 17 18 22 23 27 29 31 32 34 42 43 45 46 47 48 49 52 54 56 58 60 64 66 68 70 71 74 76 78 79 82 86 89 91 93 94 95 98 100 102 103 104 106 107 109 110 115 116 117
81 5 6 8 10 11 14 16 17 21 23 27 28 29 39 41 42 43 47 50 55 57 58 59 61 63 66 69 70 72 73 74 79 85 91 94 95 96 97 99 101 103 104 105 106 107 109 110 114 116 117 119
82 2 4 6 8 9 10 12 14 20 23 24 26 30 31 34 35 38 39 40 42 43 44 46 47 49 50 51 53 54 55 56 57 58 59 60 64 65 68 70 71 79 83 85 86 87 88 90 95 97 99 102 105 107 108 109 110 112 113 115 116 117 119
83 6 10 11 12 15 19 22 25 26 28 33 34 35 36 38 39 45 48 50 51 53 54 55 56 58 61 64 67 69 71 72 73 75 82 88 90 91 92 95 98 104 105 109 110 114 116 119
84 2 5 8 9 14 17 19 20 23 26 27 28 29 31 35 36 37 38 39 40 42 45 46 48 50 53 54 56 59 61 62 65 66 67 68 72 74 77 78 80 82 85 88 90 91 92 94 99 101 103 104 105 106 107 108 110 113 114 117 118 119
85 4 8 11 12 17 18 19 23 24 26 29 31 33 37 45 46 47 50 51 53 54 55 59 60 61 63 71 73 74 75 76 77 80 81 83 84 86 90 97 99 100 104 105 108 109 111 114 117 119
86 1 4 5 6 8 10 11 13 15 17 24 25 26 32 38 40 42 43 47 49 53 55 59 61 62 63 66 68 69 70 72 73 74 75 76 77 78 79 80 82 83 85 89 90 91 93 94 95 96 97 98 99 101 102 104 105 106 107 109 110 111 116
87 2 4 5 7 8 12 14 15 16 18 21 22 23 24 26 27 28 31 35 37 39 40 42 43 44 47 50 51 55 56 58 61 62 63 65 67 72 77 82 84 90 91 92 93 96 98 105 106 108 109 110 113 114 119
88 2 4 6 7 8 10 11 13 16 17 20 21 23 25 27 32 34 39 40 43 44 46 47 51 55 56 57 59 60 61 63 64 68 69 71 72 74 75 77 78 79 82 86 90 91 93 96 97 99 102 103 104 107 108 110 113 116 117
89 3 4 5 7 9 10 11 12 13 14 15 18 20 21 22 23 25 28 35 36 38 40 45 46 52 55 59 60 63 65 66 67 68 71 74 77 80 81 82 83 84 85 87 92 93 94 95 98 99 101 104 105 106 107 110 113 117 119
90 1 2 3 5 7 11 12 16 17 18 19 21 23 24 25 26 28 29 30 32 33 35 39 42 44 46 47 51 54 57 61 64 68 71 72 73 74 75 77 78 81 83 86 87 88 89 91 92 94 96 98 99 101 102 105 108 111 112 116 119
91 3 4 6 11 14 17 20 23 24 25 27 28 29 33 34 36 37 38 39 42 43 44 46 48 50 51 52 53 54 56 58 61 62 65 66 68 71 72 74 76 77 81 82 83 85 87 90 94 95 97 101 102 103 105 107 108 109 110 113 115 118
92 1 4 7 10 11 13 14 15 19 21 22 29 31 32 35 41 44 45 46 50 52 53 55 58 59 60 66 67 70 71 72 73 75 80 81 84 85 87 88 90 97 98 100 101 104 105 106 107 108 109 110 112 115 119
93 1 3 4 10 15 16 17 19 23 27 31 35 36 41 42 44 47 49 54 55 56 57 58 59 62 63 64 65 66 67 70 72 75 78 79 83 84 85 86 94 97 98 99 101 102 103 104 105 108 109 113 115 117 118 119
94 2 3 5 6 7 9 10 11 14 16 21 27 30 31 32 34 39 40 42 43 44 46 47 48 49 50 51 52 57 61 62 63 64 67 70 71 73 75 80 82 84 85 89 90 91 96 97 98 99 100 102 104 105 110 112 113 114 118
95 4 5 10 13 14 18 20 24 29 30 31 32 39 40 42 44 45 48 51 52 54 55 56 57 59 61 66 67 72 73 82 83 84 85 87 88 90 98 99 100 102 103 104 107 109 113 117 118 119
96 3 5 7 9 10 11 13 17 18 20 21 24 26 28 33 39 42 43 45 47 48 51 52 53 54 55 57 60 63 64 66 67 68 70 71 73 76 77 78 85 87 88 91 93 94 95 98 100 102 103 104 106 107 113 115 117 118
97 1 4 5 6 8 9 10 11 12 14 15 16 21 22 24 25 26 27 28 32 35 36 38 39 46 47 48 50 51 52 53 55 57 58 62 63 65 68 69 71 73 79 80 84 85 86 88 90 93 95 96 100 101 103 110 112 114 115 116 118 119
98 6 8 10 13 14 16 17 19 20 21 23 26 27 28 32 36 38 41 42 48 50 51 52 53 55 56 57 60 63 64 66 67 69 70 71 72 73 75 76 78 80 83 84 86 87 89 90 95 97 99 101 102 103 107 108 110 111 112 116 117 118 119
99 1 3 5 6 9 10 12 14 20 21 23 24 26 29 31 32 33 34 44 46 48 49 50 51 52 54 56 57 58 59 61 62 63 65 69 70 75 78 79 80 82 83 92 95 96 97 98 100 102 103 104 106 107 111 113 115 117 118 119
100 3 4 5 6 7 8 11 13 15 17 19 20 21 27 28 29 31 32 33 37 39 42 45 50 53 54 60 61 64 68 69 71 76 77 78 79 80 86 87 88 89 91 95 98 99 101 103 106 108 109 110 111 112 114 119
101 1 2 3 4 7 9 13 15 16 19 20 22 25 26 31 32 33 34 37 38 43 45 46 48 51 53 55 61 62 64 68 71 72 73 75 77 81 82 83 84 85 88 91 92 93 94 95 97 98 103 104 107 108 109 110 111 112 118
102 1 5 7 9 11 12 13 14 15 20 21 22 23 25 27 31 35 43 45 52 53 55 62 63 67 68 72 75 78 80 81 82 86 87 88 89 91 92 94 97 98 103 106 107 110 111 112 115 117 118 119
103 1 3 4 5 8 9 13 15 16 17 20 21 24 26 27 30 31 32 34 37 39 41 46 47 49 54 55 56 58 61 62 63 65 66 67 70 71 72 78 79 81 82 84 86 89 90 92 94 96 98 101 102 104 106 111 112 113 114 116 117
104 1 2 4 7 8 9 11 12 17 18 23 24 28 30 31 32 33 39 40 43 44 47 49 51 52 54 55 57 60 63 64 66 67 68 69 70 72 75 76 79 81 87 88 91 92 95 96 97 98 99 100 101 102 103 106 107 108 113 115 116 117 119
105 2 4 8 9 15 16 17 19 21 23 26 30 31 32 33 35 36 42 43 45 49 51 53 54 57 58 59 62 65 66 67 69 71 72 73 75 76 77 79 80 81 84 86 87 92 96 100 108 111 112 113 115 116
106 1 4 8 9 10 12 14 16 17 21 22 26 27 28 30 35 36 37 38 39 40 41 42 47 48 49 50 51 52 53 54 55 58 61 62 64 66 67 72 73 78 80 81 82 84 85 86 87 89 90 91 92 93 94 95 97 99 100 102 104 105 107 108 109 110 112 117
107 2 3 4 5 7 9 10 11 12 14 17 18 26 28 30 31 32 33 36 37 47 51 52 54 55 59 60 62 65 69 71 78 79 83 84 85 87 88 89 94 96 97 101 103 109 112 113 115 116 119
108 1 3 5 7 9 10 11 13 14 15 16 18 19 20 23 28 31 32 33 35 37 40 42 43 46 47 49 51 52 53 54 55 56 59 62 63 65 66 68 70 74 75 76 82 86 88 91 95 96 97 99 100 101 105 106 109 111 114 116 117 118 119
109 2 3 5 6 7 11 12 13 14 15 17 18 19 21 23 25 26 27 28 30 34 40 41 44 47 48 49 50 51 58 64 65 67 68 73 75 76 78 81 83 86 88 94 95 96 97 98 100 102 103 105 107 111 112 114 115 118
110 1 3 5 6 7 8 10 12 17 18 21 28 30 33 36 38 43 47 48 49 55 56 57 58 59 64 66 67 70 71 76 79 80 81 83 86 89 90 93 95 96 98 99 102 104 106 108 113 114 116 119
111 1 2 3 5 6 7 11 12 13 14 15 16 17 18 24 26 28 29 33 34 36 37 38 39 40 42 49 50 52 54 55 58 64 66 67 69 72 73 74 75 78 79 80 84 85 87 88 91 92 93 96 98 100 103 105 109 110 115 116 117 119
112 1 3 4 6 7 8 9 11 14 15 17 18 21 24 25 26 27 31 33 36 38 40 41 43 44 47 48 50 52 53 54 56 58 59 61 62 63 64 65 68 73 74 77 78 79 80 81 85 86 87 88 89 91 92 95 98 99 100 102 104 105 106 107 108 109 110 113 114 117 118 119
113 1 2 6 7 9 12 15 16 18 19 23 27 31 32 33 38 39 41 43 44 48 53 54 59 61 62 63 64 66 67 69 70 76 77 83 84 85 87 88 89 90 91 92 96 97 98 99 100 101 102 104 106 109 112 114 115 118
114 2 3 5 8 10 13 14 17 18 19 20 21 22 24 26 27 28 36 37 39 42 44 46 47 48 50 53 54 57 58 59 60 61 63 65 66 67 70 71 74 81 82 87 88 89 90 91 92 93 94 95 98 100 101 105 107 109 111 115 117 118
115 1 2 5 8 12 13 18 20 23 26 27 33 34 35 37 38 39 40 45 46 50 51 59 63 66 67 68 69 70 80 84 85 86 87 88 91 92 94 96 110 111 119
116 2 3 4 5 6 7 9 11 12 16 17 19 22 25 26 31 33 34 35 36 38 39 43 44 46 47 50 56 58 59 60 64 68 69 70 71 72 73 75 80 83 86 88 89 90 94 95 96 97 100 102 104 106 110 111 114 118 119
117 5 9 12 14 15 18 21 24 26 27 28 29 31 32 33 34 36 42 45 46 49 50 51 52 53 55 57 60 65 66 68 71 72 78 79 81 82 83 86 87 88 89 92 93 94 98 101 103 105 106 108 110 111 112 113 116 119
118 5 7 8 9 10 13 14 15 16 17 19 20 21 22 24 25 27 34 38 39 41 43 44 46 47 48 49 50 52 55 57 58 59 61 62 63 64 65 66 69 72 73 75 77 78 79 80 81 82 83 84 85 87 89 90 93 94 95 96 102 106 107 109 110 111 112 113 115 117
119 8 10 11 15 17 20 23 25 27 28 30 31 32 34 35 37 39 44 48 50 52 57 61 62 63 68 69 70 71 75 76 82 83 85 87 89 90 91 94 95 97 98 100 103 104 107 111 112 114 115 117
