77
1 5 32 17 75 48 36 3
2 7 25 29 42 44 62 9 50 70 6 3 36 56 26 58 33 68 23 41 19 47 5
3 4 6 52 59 25 12 36 27 55 68 74 57 50 61 47 41 29 13 66 31 72 49 22 28 16 76 33 71 45 30 53 58 39 60 34 35 14 7 26 65 48 70 11
4 6 3 46 1 19 25 24 72 41 33 34 60 67 66 45 28 37 77 9 70 2 8 26 18 27 5 48 64 65 47 32 7 57 42 73 30 44 15 69 14 52 40 16 54 22 49 74 29 31 17 61 55 58 68 36 23 59 39 10 53 13 51 50 38 71 63
5 1 40 74 37 28 26 54 43 64 34 48 52 4 75 59 60 15 55 72 41 49 68 12 58 7 44 76 8 56 22 71 46 38 42 6 18 32 51 67 2
6 4 3 19 71 55 41 61 64 29 37 48 17 26 8 51 76 7 56 21 24 28 1 50 11 59 12 45 40 38 33 31 20 5 30 68
7 2 32 46 49 30 40 11 25 55 62 39 47 4 70 54 15 51 20 6 8 33 9 28 65 12 29 18 60 68 27 76 14 67 74 31 75 23 43 24 56 64 10 5 13 38 45 72 53 35 37 42 34 50 52 61 41 63 19
8 9 34 22 44 39 27 25 65 40 32 63 47 54 36 53 12 76 55 51 37 26 67 49 2 77 43 5 7 13 4 33 58 14 56 6 17 59 10 3 18 69 21 20 16 72 46 11
9 8 54 46 24 12 64 17 73 7 25 72 48 75 71 77 70 53 44 38 62 2 14 21 18 45 59 16 28 39 47 4 55 13 1 10 51 31
10 12 13 11 54 41 21 27 63 53 2 24 15 30 14 75 68 25 42 5 9 57 18 22 66 62 43 8 72 1 4 55 37 58 74 48
11 14 45 44 66 5 31 30 33 64 7 1 6 68 24 69
12 10 13 7 14 76 72 67 18 6 40 8 52 73 57 55 64 50 25 62 4 41 53 70 19 30
13 12 10 11 4 50 1 44 72 61 41 33 17 64 69 29 27 74 70 68 67 73 66 5 45 22 26 71 6 43 7 63 3 2 60 49 21 77 75 37 30 42 62 38 54 46 59 23 76 53 31 39 35 25 65 40 14 48 47 19 58 52 24 34 9 15 16 28 55 32 56 57 8 51 20 18
14 11 60 26 16 9 22 20 53 47 75 61 40 7 76 6 35 73 28 24 42 54 18 44 55 64 58 34 72 63 69 66 45 21 51 32 29
15 20 67 23 64 41 18 47 43 52 49 54 57 7 77 75 69 53 73 27 34
16 17 21 31 10 9 30 77 63 71 57 1 4 56 42 24 22 38 47 32 51 58 50 15 19 14 44 13 6 65 8 61
17 21 16 19 5 18 58 33 39 73 12 32 54 8 23 51 6 45 42 3
18 19 49 13 17 35 53 2 61 54 56 71 43 63 34 31 51 50 57 8 39 29 47 1 44 6 69 37 12 75 21 38 60 24 15 42 28 59 16 11 55 62 7 27 41 52 26 4 64 14 3 73 48 76 5 77 70 67 46 23 10 9 74 36
19 18 26 35 59 9 4 37 61 1 64 53 6 22 70 76 30 25 77 42 36 2 50 16 74 73 46 38 58 32 56 57 13 45 48 31 11 63 28 60 67 21 41 3 12
20 15 54 77 50 34 33 29 4 23 65 42 70 51 25 32 41 30 35 56 76 45 21 36 68 1 66
21 17 16 70 49 4 69 40 2 46 77 57 54 9 37 62 15 18 25 52 47 75 7 34 1 19 26 13 42 51 66 65 68 35
22 28 25 44 30 23 52 36 69 63 50 10
23 26 3 56 58 45 64 8 68 9
24 27 1 17 26 34 12 74 72 73 30 38 75 37 68 50 23 76 55 13 25 62 15 69 52 61 47 11 5 48 40 59 56 49 2 28 60 53 58 36 19 46 65 44 9 51 67 42 64
25 22 28 21 72 44 76 1 23 61 42 20 12 59 55 47 43 15 7 74 52 53 69 62
26 23 33 43 39 6 54 35
27 24 54 28 64 16 49 57 62 55 60 52 30 7 69 29 26 63 3 34 18 77 43 44 59 45 75 53 17 31 23 1 25 2 65 72 51 46 12 61 42 58 11 56 14 35 48 36 50 41 39 40 38 67 66 15 73 5 32 6 37 70 21 68 74 76
28 22 25 71 14 60 54 27 4 40 10 33 20 74 50 63 53 55 68 32 21 7 41 6 18 45 12 36 75 26 5 65 15 76 1 59 72 43 52 66 19 51 47 24 3 73 48
29 33 34 51 59 64 8 15 9 18 4 30 36 35 20 57 22 50
30 35 41 54 38 46 45 42 16 2 11 9 19 66 7 73 61 34 5 29 69 6 71 17 22 21 44 13 67 51 37 60 77 56 55 68 64 43 59 3 65 74 72 23 26 20 8 10 4 14 28 18 36 24 32 57 40 47 75 39 27 49 48 31 62 70 33 12 1
31 32 3 7 73 39 77 48 60 18 70 14 8 12 67 47 20 13 66 6 24 23 11 30 55 16 62 17 35 69 19 28 21 50 40 4 38 51 33 45 41 63 75 56 76 61 44 68
32 31 33 74 45 54 5 23 63 25 18 14 66 65 19 34 38 9 28 7 13 22 47 42 70 49 35 24 55
33 29 34 4 58 59 11 46 6 5 2 71 30 68 15 10 21 26 39 77 69 19 42 3 61 54 44 76 9 20 35 52 73 60 17 16
34 29 33 74 32 17 64 66 68 55
35 30 54 45 32 52 6 24 57 34 5 59 73 8 1 19 22 46 28 18 41 77 29 72 20 69 50 64 39 65 63 12 61 67 3 33 21 70 47 42 13 26 4 51 38 31 62 74 53 7 75 60 15 56 48 17 14 58 40 43 66 10 2 11 44 37 9 27 25 49 23 71 16 76 68
36 39 9 72 12 37 49 25 69 62 31 22 44 38 40 60 24 70 32 48 43 71 52 63 16 19 1 8 61 10 47 55 29 2 42 58 46 66 41 20 34 76 51 11 67 73 6 35 75 13 54 5 4 33 56 53 17 28 68 74 30 57 77 7
37 41 38 24 45 17 16 65 57 50 4 33 12 51 66 49 72 6 62 73 18 39 23 52 10 19 13 43 55 46 22 5 32 36 8 34 11 60 69 67 53 74 27 30 7 54 58 26 25
38 41 37 36 26 71 48 69 1 45 30 18 25 63 66 52 22 2 19 51 49 7 64 56 67 77 24 4 9 10 72 33 61 58 13 50 17 73 27 59 68 62 76 20 44 15 70
39 36 4 3 56 38
40 42 59 22 25 54 30 24 53 43 56 60 37 45 76 11 71 62 73 6 7 49 52 23 58 4 69 32 13 61 67 31 3 9 34 21 36 70 16 26 74 29 41 44 68 38 50 75 64 1 14 77
41 38 37 69 14 34 40 49 22 27 45 42 15 33 28 23 7 72 75 9 12 2 77 11 53 5 18 59 43 56 63 16 50 54 71 25 68 32 73 55 58 47 10 20 60 21 65 70 3 39 44 61 74 62
42 40 18 37 59 13 44 72 11 45 41 38 51 61 55 46 2 9 22 28 36 50 16 77 64 68 73 4 27 29 20 33 65 24 34 10 19 39 62 14 54 70
43 45 48 19 29 24 8 35 67 28 46 3 38 44 17 39 75 23 51 5 9 4 64 42 66 71 61 12 6 31 68 20 74 54 16 50 40 41
44 47 18 3 52 25 15 1 6 13 32 31 34 8 36 63 61 4 12 75 49 72 19 50 27 28 24 10 29 64 22 62 33 26 74 58 76 57 11 38 73 55 35 30 54 17 2 43 37 48 68 56 14 53 51 45 16 46 69 23 66 70 65 41 42 67 20 21 9 40 39
45 48 43 11 44 19
46 49 45
47 44 38 58 51 76 46 4 25 50 30 66 28 27 61 26 14 64 3 45 31 41 37 67 54 71 19 59 68 57 7 15
48 45 43 9 17 1 20 56 26 25 49 37 67 70 50 60 42 10 18 28 31 13 76 2 61 74 46 51 21
49 46 39 50 8 72 67 70 24 35 53 64 13 48 56 19 42 61 60 57 25 37 62 15 59 36 71 58 21 75 28 18 73 4 55 33 41 11 51 63 54 6 3 76 10 34 31 26 14 2 65 69 12 66 27 16 1 68 77 22 74 44 32
50 53 68 46 67 72 7 66 13 54 32 51 30 77 59 15 26 60 74 6 34 45 2 33 55 22 31 47 3 56 39 35 18 48 1 40 62 43 64 29 49 37 19 63 16 71 14 11 5 75 73 57
51 56 66 9 19 37 45 38 53 55 62 21 59 52 7 47 34 24 54 11 64 74 40 68 3 61 70 33 26 60 58 57 13 41 67 42 8 1 48 65 63 2 73 69 15 30 49 18 43 22 17 31 28 14 36 5 29 72 4 27 46 10 77 12 23 6 50 39 16 76 35 20 44 32
52 54 55 74 15 70 50 76 59 63 37 72 28
53 50 8 49 51 7 52 29 19 66 69 9 12 21 1 24 75 55 41 70 39 10 45 56 34 76 17 58 28 32 11 5 36 57 25 31 26 13 63 40 59 22 73 54 72 64 27 6 37 44 68 47 67 18 33 60 2
54 52 55 39 72 35 2 18 50 23 66 11 64
55 54 52 75 17 43 26 45 34 57 37 3 35 58 24 9 29 68 65 64 77 18 69 5 1 63 33 47 60 28 15 40 27 13 39 53 30 70 66 20 19 42 21 44 25 12 38 32 49 59 76 72 6 22 4 46 62 10 61 36 74 16 11 8 48
56 51 34 5 29 35 44 18 26 7
57 62 60 38 24 45 1 68 13 37 51 15 27 29 25 39 56 41 12 50 4 75 9 55 20 17 40 69 52 34 23 36 77 10 26 8 31 28 46 76 58 33 43 5 2 35 70
58 60 15 19 12 53 61 6 56 13 73 72 30 27 38 29 20 66 24 28 71 67 22 64 3 76 34 26 7 62 9 46 4 39 69 65 47 31 35 55 77 16 44 5 42 43 70 8 33 57 59 32 63 74 23 21 10 37 45
59 61 63 13 42 29
60 58 53 25 56 22 2 18 37 31 57 72 29 43 42 10 55 40 67 24 61 52 59 16 49 11 45 41 27 51 1 36 17 33 23 47 20 73 70 68 54 66 71 39 4 3 32 74 30 8 26 15 69 77 21 19 64 12 48 13 9 76 46 44 28
61 59 63 5 30 76 33 69 15 34 2 51 58 10 7 8 35 3 68 36 20 44 4 53 19 17 46 40 23 48 71 73 28 45 72 66 38 54 50 62 37 43 14 1 49 24 60 18 57 75 13 64 11
62 57 64 34 40 66 17 23 30 42 24 60 15 54 28 4 37 22 11 33 8 10 21 3 67 29 46 1 47 69 6 53 35 36 72 51 55 45 25 73 48 38 58 20 59 26 71 41 12 39 19 52 44 74 76 75
63 61 59 72 20 64 53 70 47 26 54 11 12 52 25 71 50 58
64 69 40 45 59 30 16 35 61 66 7 54 29 43 8 24 3 50 58 48 76 65 56 33 68 51 22 52 36 20 62 6 49 5 23 73 9 37 46 47 32 10 42 25 38 63 21
65 68 66 38 32 16 33 34 63 45 70 23 1 61 3 57 10 60 40 67 46 25 17 8 15 13 50 53 26 18 2 77 30 31 58 41
66 68 65 77 58 73 54 55 39 50 25 40 2 31 10 5 15 18 36 22 19 9 52 33 67 70 4 71 46 61 32 72 1 51 57 34 14 27 75 49 59 38 6 35 47 12 45 24 8 64 11 63 16 20 48 13 3 60 74 44 17 41 76 21 29 42 26 69 28 37 62 56
67 70 33 6 36 75 19 53 61 69 43 21 77 50 20 13 44 11 4 22 38 1 74 60 29 71 42
68 66 65 37 8 17 42 3 35 18 71 16 33 19 67 9 11 5 60 15 24 20
69 64 34 4 65 2 57 75 8 32 17 37 16 71 20 49 41 26 19 24 28 45 76 43 9 27 11 62 21 44 74 47 3 36 7 6 77 1 14 48 18 53 55 31 68 66 23 51 22 54 61 12 59 38 35 52 56 67 73 13 72 58 39 60 33 40 63 29 42
70 67 49 17 7 50 58 8 56 76 73 41 2 62 69 20 25 47 34 74 30 43 15 42 51 37 4 45 57 65 6 18 53 22 24 32 68 35 46 1 13 23 3 11 27 12 5 61 29 38 59 66 54 64 75 44 60 14 10 36 63 52 21 77 26 16 28 71 72 55
71 76 6 69 45 68 42 33 34 75 51 3 41 5 35 70 44 11 40 38 17 7 77 15 55 57 18 1 8 56 36 48 29 73 74 27 25 59 54 65 52 50 19 24 14 13 66 31 12 49 62 30 47 2 22 9 60 16
72 75 55 50 70 34 63 57 52 29 38 14 51 30 24 31 61 16 67 49 1 20 11 58 3 19 5 17 18 73 12 66 36 21 40 33 39 7 4 60 69 35 48 26 46 68 23 44 76 32 47 13 6
73 77 74 28
74 73 77 3 72 44 47 12 19 51 4 55 28 30 22 27 33 50 38 17 58 1 15 68 52 63 75 6 64 70 36 39 61 45 32 25 56 23 60 41 18 7 67 35 42 46 34 14 21 53 2 5 76 16 49 10 43 40 66 29 59 48 24
75 72 18 41 61 4 54 44 45 28 22 67 55 12 30 76 20 42 14 23 49 71 47 33 31 24 26 46 17 43 57 77 21 29
76 71 17 37 15 75 65 57 5 62 1 7 16 12 73 34 9 50 68 61 2 18 10 27 55 3 77 32 63 36 23 29 41 13 66 56 40 39 33 31 51 70 60 45 59 24 11 14 67 43 26 19 46 53 64 21 38 22 8 74 47 35 58
77 73 74 13 70 8 64 49 59 62 12 5 7 28 17 68 16 48 45 58 31 75 47 43 22 24 55 6 11 23 10 40 14 42 29 56 60 32 76 57 4 53 27 26 37 36 15 51
