98
1 4 3 89 15 65 45 43 5 10 59 86 83 49 50 76 38 62 77 68 70 7 95 84 34 75 28 82 74 47 78 88 94 42 92 53 9 79 18 37 33 16 8 20 61 12 29 51 19 14 71 63
2 5 95 90 41 93 42 18 46 30 25 43 23 20
3 4 1 74 98 94 64 39 41 38 5 28 49 44 68 46 23 87 56 50 90 84 89 45 48 61 20
4 1 3 48 33 72 68 42 32 11 71 63 66 91 47 41 17 35 54 69 80 95 60 23 9 78 10 21 94 37 6
5 2 42 13 43
6 7 76 33 70 71 66 12 34 5 44 68 25 23 37 17 4 38 54 11 89 14 49 1 85 51 69 92 8 80 94 10 28 84 78 90 77 45 55 2 29 86 3 64 97 63 98 40 62 46 16 95 26 39 24 20 32 87 88 91 52 9 65 67 93 60 35 56 15 74 53 47 61 13 42 96 72 19 18 27 83 31 81 50 30 48 58 82 79 75 59
7 6 69 56 87 21 22 47 17 27 25 64 18 62 97 73 26 36 88 38 92
8 10 14 72 50 83 3 81 77 57 86 58 74 64 53 91 73 59 44 5 23 48 28 93 18 6 40 61 42 4 45
9 12 16 14 61 79 2 57 92 58 71 7 88 96 1 66 97 94 85 56 36 63
10 14 8 81 69 33 55 65 13 26 89 18 90 76 49 12 97 22 56 6 94 59 47 23 79 68 32 19 73 62 66 61 4 15 45 77 11 80 64 54 39 96 40 1 91 25 34 7 43 30 60 9 48
11 13 30 16 25 18 10 84 91 45 34 66 82 15 4 52 19 58 29 44 48 56 39 22 21
12 9 37 61 91 87 53 1 72 36 40 65 6 13 82 34 57 56 90 55 71 5 20 35 15 78 31 52 29 67 7 46 59 94 30 4 16 51 76 84 28 60 48 89 24 38 47 66 22 83 33 19 45 21 2 73 8 41 54 25 11 69 64 62 50 32 86 17 80 85 3 42 58 79 68 70 98 14 23 27 44 97 81 10
13 11 4 12 62 63 76 71 90 92 67 73 56 60 87 65 35 6 77 68 82 74 31 45 84 27 64 83 34 88 96 61 70 47 79 57 36 40 95 32 75 39 10 25 28 66 3 94 91 54 72
14 10 8 79 22 60 97 62 16 52 21 15 59 57 35 49 41 86 75 7 4 72 37 87 88 36 53 42 48 71 85 54 2 51 29 40 92 50 18 78 26 82 69 76 73 31 23 5 70 63 45 84 89 90 6 77 81 47 17
15 21 24 54 79 59 13 40 71 25 48 49 6 97 52 60 57 67 75 85 29 12 92 61 62 89 78 82 76 41 70 10 14 37 26 87 38 74 83 86 44 19 93 55 35 5 20 11 64 53 95 43 18 3
16 20 19 65 91 71 45 61 96 78 55 50 4 94 3 28 82 46 5 32 34 10 24 47 51 85 48 84 35 64 89 12 86 68 29 26 21 33 92 70 54 13 76 40 31 36 73 79 14 52 75 88 17 97 42 18 59
17 18 66 81 50 48 75 47 31 62 57 85 79 76 44 68 29 19 94 55 24 95 78 21 56 40 84 27 23
18 17 87 68 10 88 8 67 97 36 98 19 70 13 93 31 5 52 14 1 45 71 85 24 64 82 23 22 74 41 61 59 33 53 57 35 26 92 62 51 95 9 39 3 27 49 73 30 21 44 38 25 42 7 69 54 84 96
19 20 16 57 23 39 32 35 84 4 86 89 82 71 21 76 61 98 69 3 94 7 91 55 79 53 74 10 96 25 97 29 8 64 38 87 22 43 83 33 30 37 75 93 41 67 12 44 26 59 28 95 31 78 14 24 85 54 80 42 72 70 62 73 68 51 27 36 49 5 45 18 6 17 50 46 60 58 47
20 19 16 72 42 36 86 33 38 91 88 97 35 46 50 40 21 24 49 32 47 13 57 4 6 31 48 69 94 44 92 53 71 59 85 58 7 68 93 26 96 80 65 67 64 55 37
21 15 75 48 52
22 24 7 11 86 97 5 35 77 75 62 69 50 40 65 13 57 38
23 28 26 64 12 2 82 6 35 17 56 93 58 31 88 1 97 3 52 66 45 91 78 43 18 86 27 96 25 70 11 39 87 16 20 55 76 36 71 60 37 47 32 90 81 95 83 84 65 49 79 44 21 24 14 51 29 19 75 13 85 15 98 46 53
24 22 96 35 37 72 76 53 71 17 66 87 92 34 50 27 8 4 46 18 52 30 51 82 43 79 62 2 31 48 28 20 26 58 78 86 73 14 16 59 77 56 39 32 63 3 49 9 12 47 67 75 38 7 54 90 1 21 93 69 68 19 57 88 42 80 29 61 83
25 27 88
26 28 23 35 83 82 95 67 73 17 92 31 14 87 39 11 86 21 6 68
27 25 93 88 16 10 82 31 81 33 42 26 51 89 66 22 58 20 85 86 37 55 54 7 79 64 83 14 60 94 65 34 43 62 69 68 24 96 73 17 32 13 67 92 41 30 57 49 80 90 29 97 77 38 72 15 84 48 9 5 75 36 98 87 6 18 21 12 71 4 50 1 19 95 78 56 53 39 61
28 23 26 96 91 73 72 9 41 37 36 86
29 30 36 11 42 72 78 83 46 65 33 56 49 71 74 12 54 44 5 9 43 76 64 16 32 17 2 27 24 88 62 79 73 75 19 51 95 57 6 4 40 69 91 14 70 63 93 21 81 80 50 59 15 28 53 97 45 61 18 87 3 60 34 90 37 39 98 25 41 10 31
30 29 8 22 7 83 5 84 79 39 70 57 60 21 4 1 10 94 55
31 34 67 98 17 56 48 94 5 64 89 93 96 91 70 53 95 18 24 52 46 78 45 90 32 38 25 40 84 60 55 19 20 35 1
32 33 35 69 63 16 70 25 71
33 35 32 38 29 1 94 37 42 92 90 15 74 46 53 61 14 58 51 17 20 83 43 36 85 9 56 93 54 79 71 60 80 87 5 13 75 30 62 16 81 34 91 24 65 59 8 48 69 98 86 76 64 10 3 25 47 6 39 70 21 19
34 31 28 73 90 67 75 84 98 47 37 5 46 88 69 62 52 55 48 86 93 23 81 91 6 54 7 11 72 43 50 14 56 35 96 53 94 78 30 71 45 18
35 33 32 78 88 75 24 34 84 64 15 82 58 62 44 51 98 43 50 73 6 96 93 10 40 21 5 7 79 25 22 30 31 18 16 91 63 52 39 48
36 41 29 3 48 74 5 23 84 69 97 7 33 35 28 9 50 80 86 8 81 13 34 43 83 90 44 19 11 65 2 67 1 26 18 55 21 42 88 49 82 31 37 58 38 62 96 59 95 72 98 78 70 54 22 4 46 47 77 94 71 57 20 27 68 61 15 91 30 17 85 6 25 93 53 24 45 75
37 42 73 24 6 32 69 79 8 52 90 74 14 1 51 83 87 82 93 77 56 95 61 17 11 85 4 71 2 18 75 46 29 67 59 3 39 35 65 60 43 13 12 84 63 34 15 38 80 58 36 23 88 86 25 78 81 66 72 5 97 44 22 45 96
38 39 40 77 71 18 17 54 91 3 84 68 92 12 83 32 65 70 20 50 57 86 75 10
39 38 40 67 93 9 46 22 65 92 18 73 66 32 81 42 89 5 95 60 24 88
40 39 38 98 96 50 44 5 45 14 72 74 30 1 70 79 3 89 76 25 62 36 56 77 49 75 46 24 41 81 57 16 7 29 68 23 13 52 26 63 92 64 97 53 19 87 91 69 48 35 60 84 83 90 66 32 28 4 22 65 51 37 33 34 12 43 21 15 94 78 31 8 18 11 54
41 36 11 95 71 35 55 25 28 33 26 4 68 24 46 15 80 48 81 91 54 5 78 93 17 13 31 59 84 12 34 50 82 72 53 27 45 56 86 10 32 63 90 65 8 2 75 97 6 1 79 37 60 18 39 57 51 83 66
42 37 61 63 30 10 54 94 89 47 11 46 73 50 71 60 98 55 45 77 56 40 43 15 91 48 74 25 12 3 16 76 78 81 26 7 38 27 69 83 72 14 65 18 4 24 33 36 28 9 22 97
43 47 49 5 90 18 8 77 39 23 50 96 60 27 31 82 10 76 17 57 54 22 80 15 63 59 61 26 83 72 65 46 89 29 38 32 3 52 4 44 71 20 37 1 94 64 73 85 91 55 6 75 79 78 34 7 16 67 68 35 45 69 36 97 58 2 92 98 24 86 40 25 84 56 88 93 21 41 66 87 14 42 33 70 62 53 30
44 46 53 71 57 29 60 3 76 97 85 31 25 11 83 86 41 1 47 62 21 80 55 16 26 65 19 88 7 69 89 15 82 10 56 77 48 49 40 14 94 36 18 6 78 81 79 58 98 39 90 9 34
45 48 8 20 79 97 69 32 30 83 96 35 39 3 55 98 33 17 22 61 90 16 93 43 37 65 14 57 19
46 44 93 74 59 80 10 61 62 72 55 7 20 69 21 84 68 3 12 26 8 78 1 39 2 92 82 50 11 19 38 36 15 37 13 23 4 43 14 32 76 91 30 70 73 45 25 51 64 97 40 75 86 42 81 17 48 90 66 29 79 9 24 88 87 5 85 83 6
47 49 43 53 12 74 33 95 62 34 16 52 72 64 66 11 86 96 68 14 58 79 65 87 67 41 82 18 13 88 73 94 4 54 48 40 71 57 9 3 89 69 77 60 8 46 76 44 26 51 38 22 24 61 75 29 32 37 15 85 55 39 83 21 93 6 1 10 36 84 56 50 80 70 63 81 19 78 30 2
48 45 18 62 2 86 96 95 58 41 65 26 70 56 38 24 71 40 87 33 91 15 72 20 5 39 34 52 79 14 21 31 97 19 63 93 53 30 23 98 57 81 66 3 22 94 80
49 47 43 48 39 15 53 13 81 86 60 9 96 92 41 90 68 80 95 79 65 17 51 89 42 56 69 28 70 12 87 7 85 64 35 78 5 20 75 27 25 10 37 46 26 88 94 4 66 14 59 31 77 11 32 6 3 24 29 54 18 63 57 71 36 19 40 52 62 22 34 58 2
50 56 34
51 54 7 58 60 18 62 11 74 98 53 46 72 84 4 55 50 91 63 16 87 47 90 17 56 45 40 82 34 49 95 15 77 9 66 96 92 21 20 68 38 3 8 69 76 57 5 10 12 85 93 86 65 32 13 61 83 67 97 79 26 75 48 89 52 64 1 33 19 30 42 35 31 37 44 59 28 29 23 39 14 41 70 2 22 81 25
52 55 53 51 49 38 80 21 37 82 64 98 67 40 5 95 84 89 81 75 92 27 62 56 36 16 17 11 91 58 42 29 46 69 83 13 15 9 30 54 60 4 70 59 88 41 73 39 68 26 31 86 76 90 48 77 57 8 25 78 61 97 74 7 66 79 47 24 85 44 63 12 3 33 93 34 14 35 6 18 22 87 71
53 55 52 44 25 43 19 14 54 72 95 34 29 96 67 61 22 8 1 82 63 40 49 39 32 38 81 31 91 18 12 92 70 4 85 58 60 87 68 80 90 83 98 56 13 16 77 7 41 5 20 6 66 69 46 27 26 33 75 11 86 30 23 84 35 21 64 89 74 62 51 97 42 88 79
54 51 7 5 60 91 61 62 26 41 9 71 44 32 52 17 55 13 1 57 93 39 48 80 42 23 83 21 79 37 27 34 72 22 11 10 70 45 58 8 87 84 30 66 15 98 46 77 85 64 76 3 14 31 73 18 20 19 38 92 65 78 69 81 24 88 74 49 59 97 95 89
55 53 52 24 71 3 29 17 32 26 40 54 66 28 7 46 84 38 8 59 90 62 93 22 45 79 2 25 19 15 39 69 68 12 91 87 60 75 48 70 78 77 20 47 81 74 65 14 89 61 57 76 21 73 88 6 27 72 5 4 44 37 1 11 34 95 9 97 51 94 30 43 58 16 33 35 83 63 18 96 10 56 13 49 80 41 23 92 85 86 50 98 64 82 42
56 50 8 1 84 66 79 2 94 34 33 23 26 42 80 6 38 75 96 4 11 30 57 18 52 32 44 19 86 67 60 35 20 16 93 31 70 81
57 63 7 21 40 66 97 95 90 4 91 38 73 94 46 71 42 59 52 36 58 14 89 37 65 29 34 18 30 13 23 25 33 11 55 98 96 24 56 77 50 10 81 64 87 78 9 26 45 43 17 61 74 88 5 44 6 79 93
58 62 61 78 3 16 47 21 98 83 72 94 44 64 81 60 96 84 39 40 15 4 26 73 38 48 24 34 25 92 63 65 88 23 35 14 10 17 32 12 46 69 95 7 91 13 90 97 53 86 18 1 82 11 66 74 77 89 30 5 37 50 33 52 85 70 55 41 2 75 22
59 60 93 91 50 22 62 53 46 15 27 76 73 26 40 67 66 3 63 34 13 21 78 8 14 97 5 51 35 20 39 86 84 81 18 70 10 7 37 16 80 55 68 4 72 52 25 19 88 48 29 54 82 44 85 42 47 41 9 11 43 45 89 33 2 28 57 95 69 87
60 59 84 1 95 78 27 10 54 24 30 37 6 77 2 91 92 51 61 22 12 72 14 15 16 28 98 13 71 3 93 87 55 33 5 26 81 62 69 52 35 67 85 70 48 57 21
61 58 62 24 67 33 6 22 26 8 68 20 13 50 44 82 89 80 25 90 17 35 95 98 36 83 12 14 28 76 79 72 54 86 9 5 94 34 55 48
62 58 61 92 14 1 72 93 25 15 8 27 77 43 33 57 29 87 80 78 96 3 73 67 22 64 83 26 45 53 2 9 41 42 40 54 97 19 48 66 69 18 52 31 98 32 63 20 23 35 49 95 47 38 71 60 7 11 74 13 68 30 17 5 85 81 86 39 82 79 55
63 57 62 37 30 76 88 10 41 4 31 40 61 73 11 54 26 96 90 93 94 7 18 1 53 51 25 59 70 9 65 12 16 45 13 47 91 95 75 68 66 3 64 32 14 84 46 5 2 92 78 69 55 35 50 56 15 44 24 20 28 43 36 71 23 8 52 98 42 83 22 39 49 67 85 58 79 34 87 60 33 89 77 21 80 38 6 86 17 19 27 97 29 72 74 81 48 82
64 69 97 22 30 86 39 91 18 1 40 81 85 16 5 33 61 48 71 87 23 26 53 6 96 21 7 98 12 89 78 88 44 57 82 42 20 56 2 79 38 9 45 31 58 28 49 36 93 3 10 4 76 24 72 29 60 70 83 77 27 25 17 75 19 46 66 37 73 35 63 80 15 95 13 94 32 41 47 34 62 50 43 14 92
65 68 67 29 21 33 1 49 19 64 94 87 73 85 18 54 48 79 2 95 71 10 46 45 38 41 44 92 4 81 50 60 70 76 93 13 58 16 25 42 6 84 53 39 59 86 61 7 26 22 56 36 83 27 80 57 43 31 82 96 63 75 51 88 20 62 35 78 8 69 11 15 28 32 34 5 72 98 23 55 17 47
66 70 33 47 87 16 89 49 79 60 42 25 4 98 30 8 58 96 22 85 31 20
67 65 68 71 19 7 53 35 2 62 6 16 85 48 79 44 24 70 37 84 96 97 5 31 34 20 23 12 11 55 39 17 41 42 21 28 57 1 75 72 50 25 46 32 33 98 47 54 83 52 45 63 69 76 51 78 92 88 91 40 15 60 43 13 87 94 82 61 89 56 36 66 10 74 8 77 95 81 73 18 58
68 65 67 56 71 20 55 90 42 5 46 12 23 16 86 75 31 60 2 48 92 37 61 85 29 69 98 13 24 74 40 62 36 18 45 84 79 38 63 3 6 87 77 93 22
69 64 41 40 67 28 47 13 49 11 1 3 24 53 36 22 14
70 66 97 44 19 9 54 96 20 14 87 39 89 21 95 59 76 5 43 72 73 65 51 56 41 48 47 1 27 17 16 15 75 7 58 3 77 29 23 42 35 11 25 22 86 93 28 38 32 10 4 74 49 40 6 62 80 31 45 83
71 74 76 10 39 38 13 86 66 15 33 16 84 91 48 30 7 14 67 94 32 27 18 89 55 85 1 26 51 92 97 60 49 5 87 93 95 57 21 73 19 56 29 23 24 62 3 4 83 20 47 31 11 36 44 41 79 9 37 63 98 52 68 81 96 75 61 72 78 2 12 53 77 35 65 45 59 17 34 42 80 90 40 88 28 43 82 46 70 22 6 54 64
72 77 20 33 4 45 51 79 90 42 31 47 74 17 86 38 78 41 6 1 27 16 70 26 44 32 9 97 93 88 82 98 11 54 71 69 49 62 35 95 36 52 40 37 50 55 65 64
73 75 2 12 82 94 85 33 71 37 80 47 44 66 64 4 8 23 32 65 39 38 62 7 55 77 72 3 53 11 74
74 71 76 45 19 3 38 89 26 40 49 83 1 80 64 57 50 88 87 60 34 67 2 54 65 68 90 29 37 66 48 36 82 77 33 11 4 28 7 25 97 85 62 42 78 59 63 31 8 73 47 23
75 73 82 92 41 56 53 5 91 68 63 40 30 14 79 80 93 64 52 65 51 11 95 28 42 94 27 32 74 58 89 90 8 77 87 35 12 61 69 19 88 3 55 39 13 50 57 2 17 43 29 18 44 84 10 7 6 71 4 86 23 31 36 66 46 33 45 76 59 97 48 34 22 9 81 72 83 49 54 47 62 24 67
76 74 71 20 21 26 47 94 52 10 78 68 33 37 88 40 80 90 27 53 49 35 34 50 95 89 5 31 25 93 56 73 82 42 46 67 9 92 3 55 39 83 98 77 58 22 63 14 97 79 18 61 7 60 81 43 15 16 65 66 32 54 64 8 85 70 29 13 28 17 24 87 4 30
77 72 70 54 85 5
78 80 96 59 64 39 32 13 44 79 87 37 3 74 57 36 92 81 7 42 89 63 53 12 5 10 20 9 25 40 41 26 2 4 72 23 29 50 56 55 71 51 73 95 69 19 62 16 91 60 15 70 6 46 30 76 34 28 27 38 84 18 52 65 14 94
79 83 82 87 27 57 14 49 92 12 25 52 68 93 74 8 16 50 11 98 53 28 78 29 42 6 81 51 69 46 67 45 30 1 36 65 47 5 39 70 59 17 35 20 10 34 97 73 31 64 80 88 23 95 43 18 66 7 55 89 84 61 15 48 91 33 3 40 24 2 94 38 54 76 72 71 56 63 90 22 41 86 44 37 9 19 85 75 13 32 58 77 26 96
80 78 70 26 13 16 9 86
81 84 66 95 46 73 83 1 93 86 12 64 82 25 67 96 69 55 49 29 59 50 89 60 35 16 57 26 7 97 75 37 90 72 14 42 31 56 33 38 5 34 52 28 45 63 15 3 79 22 47 8 18 58 53 9 43 68 36 24 71 65 40 19 80 76 39 17 51
82 83 79 55 60 56 8 40 11 81 89 44 43 29 22 65 51 54 33 16 92 21 34 62 87 66 10 72 26 1 28 80 50 90 76 7 59 3 38 52 95 73 69
83 79 82 76 96 27 25 24 39 11 64 95 12 22 90 47 68
84 81 22 13 89 77 43
85 86 89 37 80 88 5 3 32 27 26 29 49 81 84 82 77 55 52 40 71 58 63 45 79 74 54 59 95 91 48 15 76 4 9
86 85 89 66 41 16 53 90 65 83
87 90 68 41 19 47 39 40 42 12 20 84 94 69 21 65 56 28 83 18 13 52 34 7 55
88 91 46 14 21 58 27 97 12 62 89 25 2 20 31 69 13 9 78 32 76 18 45 26 85 77 1 17
89 86 85 9 41 74 47 51 16 40 27 68 98 23 12 34 75 80 42 63 79 49 44 4 50 31 28 38 97 53 5 32 11 69 29 21 25 66 59 2 90 35 54 15 70 65 57 19 1 6 46 83 14 62 13 55 94 26 91 18 92 39 58 73 78 56 77 81 33 82 71 37 84 36 96 22 45 61 95 3 7 52 8 17 30 43 24 10 76 72 64 93 87 88 48 20
90 87 65 17 68 36
91 88 7 1 86 18 76 32 70 35 22 54 12 62 28 26 52 30 38 90 58 77 73 3 98 20 36 56 80 95 48 10 9 44 55 89 60 85 81 63 41 17 31 75 5 23 65 34 24 21 42 69 53 27 49 74 61 96 47 4 71 8 15 82 19 87 78 2 37 11 59 45 66 6 40 51 13 93 16 64 72
92 94 98 83 61 51 42 79 8 37 62 46 25 91 93 49 5 70 32 86 54 41 68 20 29 48 87 55 18 26 2 43 7 13 22 34 4 60 89 28 69 33 90
93 96 60 23 70 22 58 25 56 65 86 38 50 45 84 33 28 15 94 34 75 66 71 88 12 26 48 2 52 81 69 27 85 37 39 1 4 16 72 57 95 17 49 83 77 87 59 11 46 40 36 9 55 35 80 20 67 31 7 76 61 63 79 74 13 53 47
94 92 98 33 72 50 8 51 67 89 28 40 61 97 74 66 54 12 69 86 48 13 83 9 53 1 63 90 93 37 80 78 42 64 36 44 52 6 38 46 24 70 11 23
95 97 33 48 38 79 3 63 6 24 80 96 15 67 84 29 85 60 49 23 66 78 34 91 22 4 61 59 92 70 64 57 25 90 42 77 37 27 13 68 76 35 18 51 56 8 82 26 88 39 14 45 53 20 81 98 73 43 93 9 54 40 52 5 31 2 74 86 7 89 69 1 36 32 87 46 11 71 12 19 65
96 93 35 47 73 50 9 67 46
97 95 78 90 2 49 24 87 69 86 83 33 32 53 45 38 67 36 48 21 17 64 4 29 51 40 52 50 47 65 73 39 22 77 27 55 16 43 28 80 23 96 3 31 79 14 18 26 58 88 66 5
98 94 92 29 1 39 52 31 36 53 14 11 82 38 74 37 24
