42
1 7 25 13 29 39 18 10 23 11 41 15 19 32 9 12 20 30 8 5 16 14 38 36 3 33 2 37 4 27 26 21
2 4 9 32 35 38 18 37 29 28 20 14 10 17 16 33 7 25 42 34 30 22 12
3 5 6 9 29 1 38 15 7 39 20 13 8 30 28 32 36 24 21 41 23 40 27 18 14
4 2 31 1 32 38 11 22 36 6 37 26 35 13 39 18 42 20 30 10 33 7 17 5 23 25 34 19
5 3 6 25 30 33 31 7 19 16 36 17 12 8 22 24 21 28 35 29 1 23 39 13 34 42 18 10 32 41 4 15
6 5 3 13 17 41 11 21 23 10 24 36
7 1 10 9 21 11 18 15 33 6 34 13 32 28 2 20 40 38 19 30 27 25 35 3 36 31 22 37 8 23 12 4 17
8 14 11 21 9 40 29 2 16 3 7 32 39 27 41 36 19 23 22 37 15 20
9 12 38 35 19 5 18 32 26 3 22 29 42 13 2 28
10 13 36 1 41 20 8 2 37 26 6 42 25 27 19 28 30 11 17 31 16 9 5 32 21 34 18 40 35 12 7 4 14 29 33 38 39 24
11 14 8 2 42 30 7 15 25 24 31 5 20 38 18 17 34 19 6 22 23 12
12 9 20 8 1 34 2 21 30
13 10 9 11 37 39 12 14 30 19 16 29 27 35 7 38 3 18 42 36 1 8 31 2 25 32 20 17 5 4 41 23 21 15 6 40 24 33 28 22 26
14 8 11 37 32 1 20
15 19 16 32 18 34 2 41 14 42 4 5 37 29 1 30 9 38 13 36 39 7 10 33 21 28 11 23 22 20 27 12 17 40 24 31 26 35 6 3
16 15 19 14 25 4 21 10 40 29 34 12 17 22 39 13 18 32 20 23 24 28 38 41 3 36 6 37
17 21 30 8 4 22 36 35 15 14 28 33 25 31 39 32 7 19 40 38 10 1 11 3 27 37 34 26 16
18 20 4 38 33 17 13 34 8
19 15 16 4
20 18 39 4 26 31 23 3 42 22 7 35 34 16 2 13 29 6 9 15 17 38 30 36 37 21 32 27 14 41 11
21 17 10 38 30 16 36 25 12 34 37 4 33 23 28 41 26 18 19 6 20 39 35 2 5 29 13 15 14 42 11 40 31 1 8 32 27 3 22 24 7 9
22 23 25 12 14 24 11 7 16 15 1 20
23 22 25 10 16 26 7 38 17 41 3 42 29 12 5 36 32 1 30 21 27
24 26 7 20 22 3 19 14 27 31 18 9
25 23 22 6 13 41 42 11 1 33 31 5 19
26 24 18 25 3 5 33 30 31 10 22 36 21 38 2 34 9 29 6 14 32 42 40 13 23
27 28 34 31 23 2 9 26 14 10 11 3 29 8 5 1 17 32 35 22 37 41 20 4 15 33 40 24 39 19 42 21 30 13 36 38 6 25 12 7 18 16
28 27 37 11
29 32 40
30 33 34 16 25 9 22 32 29 5 4 31 27 14 19 12 20 42 39 15 13 1 18 6 41 8 7 2 24 17 28 36
31 35 39 21 36 42 12 40 10 19 9 24 14
32 29 11 1 42 13 8 2 37 14 21 39 40 9 38 20 4 24 28 23 6 16 19 18 7 27 10 17 41 3 25 35 26 15 34 31 36 22 30
33 30 34 5 12 40 38 27 31 22 29 17 42 32 37 13 39 41 36 21 26 35 28 16 15 2 8 14 20 24 18 7
34 30 33 18 39 12 16 41 7 1 23 15 6 2 27 42 9 14 37 31 38 11 4 22 36 32 10 3 25 19 40 17 35 21 8 13 24 5 20 29 28
35 31 3 9 11 30 34 40 18 8 32 12 21 19 25 37 17 15 28 26 10 42 36 29 27 5 7 33 13 6 20 22 2 38 1 41 16 39
36 38 32 5 39 11 31 24 34 42 40 26 37 7 21 10 17 41 28 9 33 25 4 20 27 2 6 3 29 12 14
37 39 24 6 8 29 22 30 7 27 42 31 15 19 18 14 17 21 23 41 33 11 36 40 28 35 16 4 5 26 25 9 20 32 3 1 12 2
38 36 20 37 32
39 37 21 3 28 9 15 30 36 14 23 24 42 16 35 10 4 31 26 40 41 20 7 2 1
40 42 41 6 14 34 28 23 38 5 1 2 15 33 27 37 30 39 9 8 26 11 35 4 17 25 32 19 7 21
41 40 42 28 3 29 19 8 25 37 26 30 14 6 21 20 16 15
42 40 41 8 33 6 15 22 39 37 19 4 26 16 18 1 10 11 7 27 31 2 20 12 5 36 25 14 38 3 29 32 28 9 21 35 30 24
