105
1 4 7 96
2 6 37 82 29 51 15 50 89 85 55 10 11 26 33 84 68 30 40 79 65 41 101 20 96 32 56 21 67 102 81 103 92 64 16 52 31 71 3 7 44 48 8 73 23 28 66
3 5 48 4 37 9 54 8 2 100 71 74 16 1 70 87 84 78 94 93 7 53 96 99 66 77 95 82 27 14 42 101 34 85 38 80 24 97 61 22 62 10 47 50 44 98 29 89 11 72 13 18 104 32 23 39 81 12 64 103 90 73 86 30 35 75 79 55 19 56 88 6 46 20 102 91 28 76 45 49
4 1 7 42 82 51 63 66 69 93 34 31 22 72 74 91 88 89 32 39 46 54 96 105 11 85 98 17 99 47 14 50 97 23 36 30 60 24 95 5 41 76 61 25 65 26 70
5 3 97 73 87 28 59 4 31 33 32 63 26 53 71 14 30 86 6 11 12 39 105 13 67 76 1 93 24 41 52 19 88 2 80 51 64 84 85 7 104 89 81 8 55 74 49 40 23 69 44 34 21 43 22 83 38 92 16 46 18 103 45 77 79 54
6 2 80 17 52 58 104 21 4 36 13 26 45 43 47 60 97 83 53
7 4 1 50 58 79 87 94 26 86 14 45 35 93 6 71 24 80 54 69 65 96 72 55 64 42 8 59 3 11 10 99 20 92 98
8 10 102 9 79 37 54 85 53 59 76 100 28 62 97 6 45 38 90 67 103 87 11 63 64 83 78 68 82 58 94 52 17 27 96 30 70 13 71 32 43
9 12 13 57 25 63 38 70 34
10 8 29 77 58 52
11 14 100 13 85 73 81 74 28 9 56 15 45 39 80 12 49 52 32 46 99 70 101 44 95 103 10 18 55 77 54 43 86 79 48 64 21 53 82 58 41 27 59 94 17 31 33 50 65 102 66 105 83 93 36 87 72 1 57 24 8 19 78 90 63 42 98 60 91 20 25 6 69 30 62 92 71 89 5 47 23 29 96 104 38 16 88 84 34 37 22 68 7 51 26 3 35 40 61 67 97
12 13 9 55 99 58 94 56 78 47 21 37 89 20 105 23 95
13 12 9 62 85 57 67 65 71 79 103 100 84 17 102 25 18 22 63 10 1 91 21 88 92 77 29 24 32 41 101 51 42 55 4 47 16 11 66 3 14 56 75 23 99 43 38 36 26 33 64 7 2 82 89 8 53 20 105 59 69 87 61 80 60 58 95 37 76 28 94 73 104 27 6 35 34 54 93 98 68 5 50 97 83 48 19 39 31 72 90 40 96 30 86 15 44 74
14 11 58 48 9 52 96 23 87 8 16 24 83 71 31 72 4 36 2 86 6 73 33 101 91 43 13 92 53 76 19 105 21 35 56 46
15 20 19 105 50 55 45 39 84 26 36 2 75 61 46 94 73 77 35 8 90 37 9 40 53 11 68 98 103 6 23 70 17 99 60 63 41 7 47 81 25 88 93 92 79 104 21 16 69 66 100 62 58 51 85 14 4 96 34 56 38 42 52 30
16 17 15 9 42 1 69 39 8 101 25 62 44 7 72 76 74 103 6 100 105 77 28 51 56 49 70 92 29 3 30 2 34 13 57 40 50 85 104 93 61 12 18 81 60 11 31 64 24 35 55 23 54 21 82 97 83 63 102 98 90 84 20 99 19 71 68 80 45 86 79 65 96 52 88 73 89 14 41 78 58 37 59 27 95 22 91 38 5 53 48 46 67 94 87 32 47 33 75 4 26 36 43 66 10
17 16 81 92 66 102 86 15 90 57 52 26 54 93 19 84 71 59 68 25 101 77 21 7 94 10 64 99 43 40 74 67 96 103
18 21 58 60 82 25 104 75 98 96 16 5 47 44 10 68 77 7 12 78 19 56 33 2 8 43 30 57 92 52 41 87 29 81 93 72 20 59 90 74 88 37 80 55 14 48 45 49 67 3 27 38 34 13 39 31 94 17 70 4 28 53 24 61 26 79 9 83 6 95 100 84 1 89 63 42 46 54 11 76 23 102 22 65 86 105 64 101 99 50 73 62 35 85 51 91 71 66 69 36 32 15
19 15 20 30 31 99 52 76 46 55 14 43 32 83 85 21 79 94 69 65 6 2 27 1 98 90 18 48 29 3 10 104 4 28 102 95 100 82 12 105 66 88 59 64 16 23 7 53 97 9 5 44 80 70 39 72 36 75 96 54 61 51
20 15 19 104 58 21 30 23 28 52 47 51 11 16 98 91 1 61 45 72 66 54 24 56 41 42 46 4 53 94 13 8 102 96 92 88 81 97 26 65 32 22 12 43 86 93 77 68 84 29 83 69 73 70 10 37 38 62 71 27 105 63 40 87 31 57 95 67 60 17 49 14 80 5 75 44 64 39 18 90 7 76 25 34
21 18 31 103 10 32 84 14 92 37 101 63 49 96 94 36 13 26 3 22 71 50 72 77 43 105 52 68 102 69 17 6 9 55 12 57 34 95 48 15 67 24 56 27 30 62 66 87 88 29 75 59 73 61 7 76 51 60 93 1 64 54 85 23 16 8 19 39 45 28 97 53 58 90 82 4 41 70 25
22 25 48 42 24 43 95 57 90 27 19 89 47 34 46 81 97 80 102 94 28 55 7 92 17 2 45 105 83 104 52 53 5 26 60 98 35 41 37
23 26 24 1 6 93 55
24 26 23 57 56 35 12 42 10 44 61 85
25 22 46 42 94 77 64 103 3 53 5 92 62 101 96 2
26 23 24 27 25 15 104 37 3 33 49 2 28 6 70 98
27 28 23 6 31 69 91 89 25 15 24 8 60 10 100 80 34 98 40 11 105 33 54 77 16 52 36 46 93 3 101 44 12 104 90 18 64 73 26 39 87 83 88 1 66 47 5 55 35 45 57 29 92 85 37 86 61 62 51 50 59 32 78 7 17 38 75 43 9 19 84 70 48 103 72 22 95 99 79 4 68 58 65 56 30 81 63 53 13 21 41 94 102 14 74 49 96 82
28 27 1 72 62 91 14 16 61 8 90 29 35 34 84 38 26 57 24 4 64 102 53 43 60 13 50 40 92 104 44 85 42 3 96 77 46 6 71 20 78 89 32 2 75 80 59 86 47 51 37 82 101 94 33 95 87 70 74 36 39 98 88 103 10 69 15 30 67 100 55 25 12 52 93 79 56 11 5 45 99 58 97 83 73 31 66 81 48 21 7 65 49 19 63 105 17 54 76 23 18 41 22 68
29 34 90 51 70 93 16 13 17 85 1 52 21 81 79 22 89 99 18 59 68 71 63 6 12 37 77 2 92 98 19 97 82 96 101 36 86 69 62 74 88 57 28 11 26 48 41 54 31 35 103 14 87 23 95 15 46 47 66 25 102 76 65 33 4 32 105 49 75 80 104 53 84 40 100 61 27 60 10 5 73 56 3 50 8 83
30 32 31 50 76 61 53 84 95 72 65 91 33 89 51 12 62 66 22 11 4 77 10 37 105 59 104 40 74 56 16 36 15 3 82 90 100 13 20 55 38 47 5 34 14 101 9 28 58 68 18 24 48 25 41 86 17 88 97 94 64 71 19 52 102 98 42 27 44 73 7 2 46 49 85 96 1 23 8 75 70 26 54 35 29 103 21 45 87 60 80
31 30 32
32 30 31 34 97 72 9 102 35 87 29 60 66 45 38 28 78 77 41 3 1 54 75 93 67 8 92 46 58 65 101 36 83 86 2 84
33 35 1 40 68 51 94 86 32 8 26 56 46 82 95 22 11 88 98 79 73 64 90 89 77 42 100 6 99 96 41 80 69 65 36 15 72 25 92 37 49 27 58 17 84 63 31 66 44 54 55 60 9 70 57 28 75 53 29
34 29 78 51 98 32 90 93 47 85 83 16 23 77 22 50 54 59 68 4 13 92 24 100 86 7 26 81 102 36 87 95 94 15 67 42 99 37 84 8 44 56 53 45 43 76 52 57 104 96 20 21 14 27 61 62 3 80
35 33 77 86
36 42 39 1 55 52 102 60 86 53 104 54 88 21 14 61 34 73 97 58 51 74 80 105 78 47 67 56 57 38 22 4 12 10 40 7 2 11 43 89 3 93 79 92 50 103 33 49 37 68 9 17 99 94
37 41 52 50 39 44 94 93 30 83 24 20 80 100 15 103 78 31 5 51 77 81 67 63 57 91 90 18 95 25 12 47 55 4 58 76 66 59 34 101 29 71 14 89 16 102 38 97 36 73 70 74 2 32 62 26 1 17 45 43 99 22 35 69 28 54 46 23 11 88 9 86 13 85 105 75 6 19 7 27 68 84 40 49 98 10 104
38 40 39 67 14 29 20 91 102 19
39 40 38 31 67 81 95 45 33 52 15
40 38 39 10 82 85 73 56 84 104 25 36 55 50 72 29 49 4 87 64 35 95 48 1 68 31 32 65 63 44 3 43 92 45 96 20 81 97 17 2 53 83 57 86 80 6 100 24 12 16 19 99 47 76 88 21 98 62 42 22 7 51 54 67 34 69 18 102 15 71 74 101 61 103 77 60 41 58 26 90 13
41 37 39 74 102 62 56 99 46 77 34 59 19 61 45 104 36 11 23 1 54 27 2 16 66 12 48 43 84 97 78 50 83 32 9 91 105 75 30 57 69 17 35 70 101 82 94 53 4 31 52 89 58 92 60 8 51 26 63 7 13 47 93 72 79 15 20 14 28 96 65 73 22 25 18 21 86 67 24 80 81 71 33 40 6 5 95 90 64 3 42 76 38
42 36 1 26 89 45 6 104 37 87 83 40 88 105 91 63 15 85 101 34 43 33 20 3 39 62 25 77 4 55 28 54 17 67 84 69 50 9 76 99 96 5 70 12 86 24 72 19 21 73 29 35 103 66 18 8 11 46 80 71 48 13 57 74 68 81 53 56 23 82 7
43 45 46 32 9 102 56 90 39 74 80 83 47 24 68 53
44 48 64 14 105 81 92 20 66 41 103 30 76 86 57 3 68 27 42 37 11 50 77 29 69 28 22 2 84 7 10 15 83 79 58 21 9 100 16 40 90 23 61 95 71 97 102 87 35 94 36 43 55 60 52 89 25 56 78 91 104 8 53 70 49 85 101 26 82 1
45 46 43 75 15 48 1 86 60 42 54 87 85 11 65 78 72 49 101 90 9 4 74 84 7 37 34 53 76 36 61 41 55 96 80 18 83 56 89 14 23 22 92 29 2 31 47 99 19 44 20 62 95 77 10 100 64 25 73 26 35 52 30 3 27 17 71 28 93 24 103 105 59 102 81 94 91 58 50 57 68 32 39 82 5 33 66 98 13 79 21 104 12 51 38 88 69
46 45 43 84 12 26 65 49 57 4 36 53 20 97 85 98 89 67 64 99 100 27 71 74 66 55 22 41 72 103 81 62 76 60 56 101 7 78 15 32 17 11 30 86 38 61 39 8 82 77 6 87 102 48 23 51 21 33 13 19 25 92 40 95 37 79 47 88 105 73 54 104 52 18 42 35 96 5 29 10 14 24 75 83 70 68 59 34 90 28 63 91 58 9 2 50 80 94 69
47 49 17 42 80 15 20 51 64 12 89 29 81 103 41 14 27 3 84 48 98 99 77 86 90 87 53 30 8 63 71 73 26 32 76 74 78 13 34 1 38 58 104 65 52 92 72 96 5 4 37 93 66 33 61 57 10
48 44 9 83 15 67 96 31 29 39 92 4 79 25 76 103 95 87 42 56 21 16 52 23 90 12 27 14 19 63 32 84 47 99 81 41 50 3 43 22 38 74 105 7 55 82 49 8 70 73 59 54 94 35 20 93 66 89 37 102 78 18 5 91 88 61 46 104 60 30 71 6 68 100 98 11 36 58 1 69 13 64 10 51 97 85 33 75 65 72 80 2 77 34 40
49 47 90 2 53 89 32 45 104 3 7 100 93 103 43 24 42 50 58 74 23 25 56 59 30 37 91 31 78 66 63 68 55 14 29 62 22 67 80 51 94 34 5 10 64 72 69 95 96 65 101 1 57 82 60 38 17
50 51 69 36 33 65 90 57 82 70 73 100 98 16 46 87 77 62 105 22 89 25
51 50 66 5 46 30 35 53 15 17 24 86 89 37 103 1 64 23 16 94 87 84 56 97 3 105 101 72 57 104 28 44 14 34 67 92 11 65 52 77 58 75 20 26 71 59 82 36 2 19 32 42 6 45
52 53 54 4 72 29 93 97 18 76 58 57 37 26 9 38 85 65 78 22 56 28 69 25 48 60 77 64 103 94 42 51 11 61 44 3 2 105 55 89 35 15 40 5 32 39 81 46 23 82 104 12 83 92 90 66 68 88 1 59 95 45 20 91 19 73 47 86 67 70 96 87 31 79 27 99 21 7 10 75
53 54 52 64 56 19 33 5 69 78 51 40 81 6 105 63 94 11 8 71 42 7 66 10 27 97 70 43 61 44 21 83 98 16 85 23 50 36 45 60 103 62 29 39 101 4 58 88 28 100 48 31 74 22 80 55 90 91 77 14 92 9 41 15 59 72 34 99 96 17 79 32 67 37 26 46 35 49 24
54 53 52 21 61 59 48 67 13 1 105 28 94 85 66 51 8 23 26 14 86 62 30 79 45 11 58 70 38 36 19 9 47 10 80 72 33 49 56 6 27 60 75 35 12 93 99 22 40 96 88 5 46 44 25 18 65 74 7 97 89 16 83 50 84 3 101 98 76 82
55 56 87 81 39 30 79 96 36 32 49 53 45 35 75 50 33 93
56 55 58 40 51 71 11 88 5 77 35 44 94 103 16 68 82 105 102 2 59 25 42 48 54 39 69 30 20 34 89 45 61 73 96 90 19 79 13 76 95 81 18 22
57 59 38 51 98 17 49 86 26 28 48 89 66 84 8 55 72 80 99 94 18 90 83 11 87 60 78 36 53 75 74 56 79 32 42
58 61 60 23 8 45 88 24 26 72 40 101 67 35 25 12 2 30 76 77 29 41 53 44 99 21 51 71 78 104 4 47 86 69 10 80 93 62 81 5 54 9 100 14 17 84 11 49 28 13 64 92 18 22 63 31 87 16 66 74 102 33 75 34 3 73 90 91 89 96 68 55
59 57 64 33 16 7 11 92 104 42 70 84 78 39 82 35 49
60 61 58 21 99 34 16 43 14 59 8 95 23 10 72 100 70 63 6 5 42 96 88 98 22 67 46 29 28 55 11 104 4 3 79 80 105 87 85 64 27 31 57 90 68 66 15 7
61 60 58 96 29 64 99 26 45 20 67 34
62 63 70 42 102 85 3 23 55 16 4 21 76 72 33 67 46 93 29 54 53 94 43 1 9 103 66 65 13 98 28 44 61 91 73 45 60 92 5 18 15 31 74 97 80 81 12 17 77 47 52 11 14 10 7 86 95 101 69 2 100 64 41 32 56 105 79 90 96 8 35 24 6 104 34 38 40 50
63 62 37 74 46 43 13 36 38 40
64 66 67 37 69 27 78 26 82 32 48 11 8 81 54 80 70 4 98 87 84 29 45 61 72 22 12 104 25 52 55 16 58 47 63 38 90 65 19 9 5 94 6 24 2 50 20 102 86 71 85 93 3 46 1 56 13 77 17 43 49 23 59 68 30 28 51 40 83 62 18 34 101 75 73 74 79 97 42 44 53 57 31 14 88
65 68 13 87 41 8 2 15 83 93
66 67 64 4 80 65 20 94 99 75 49 55 52 87 79 85 96 43 100 54 58 48 88 13 91 14 18 26 36 101 62 8 69 25 23 5 24 38 2 9 59 60 45 27 53 56 15 12 21 104 42 51 97 32 31 28 105 95 29 44 3 41 33 98 57 7 70 35 11 19 10 40 84
67 66 64 75 14 24 101 69 30 84 12 57 59 18 46 74 92 5 49 89 43 71 40 72 78 51 42 45 19 65 20 3 54 53 61 55 13 63 80 87 82 85 6 17 7 58 35 37 9 47 76 83 41
68 65 39 62 101 3 50 90 28 104 95 32 30 6 17 75 98 74 57 105 41 15 49 60 81 73 48 9 34 92 59 38 4 46 94 84 82 45 71 7 18 96 19 8 51 80 103 25 66 31 69 97 55 24 85 78 64 67 44 77
69 70 100 92 66 80 85 17 97 91 78 83 21 5 81 49 23 9 67 53 57 56 47 71 32 42 4 74 14 79 104 60 102 68 37 30 105 99 55 96 41 1 2 51 65 77 28 94 22 101 72 48 50 27 52 89 73 45 8 34 20 19 58 26 46 54 62 12 13 90 76 31 103 11 39 29 7 35 84 61 75 36 15 6 38 95 18 87 63 86 64 10 59 98 24 25 16
70 69 54 14 32 99 17 44 56 48 41 36 28 7 6 53 23 77 50 85 16 80 102 90 62 55
71 76 72 22 3 95 82 81 52 101 27 90 10 50 63 67 55 56 18 4 68 7 61 29 28 96 105 104 53 13 31 38 24 17 83 5 46 15 34 25 77 62 70 59 1 54 100 35 69 44 97 94 23 26 11 2 74 36 19 21 43 51 32 91 30
72 71 76 58 8 46 53 10 17
73 74 60 40 7 78 3 9 50 31 65 4 76 16 84 30 34 42 101 2 47 37 81 56 105 32 14 82 25 19 96 43 17 103 58 83 71 75 44 95 54 41 13 5 92 51
74 73 23 31 12 71 86 19 55 75 103 38 104 59 21 34 36 17 76 40 29 2 82 32 44 79 77 50 61 83 64 68 80 57 16 7 3 56 94 39 96 15 27 67 102 26 66 62 52 93 100 84 90 92 101 13 60 65 54 81 53 43 49 5 51 8 11 46 22 88 63 24 72 85 95 4 37 99 14 70 89 48 30 6 58 10 33 18 87 9 28 41 35 42
75 77 28 80 19 25 84 91 44 62 1 8 29 31 66 58 74 48 2 27 94 45 87 53 97 85 89 5 10 38 42 54 86 100 95 15 102
76 71 72 15 39 85 57 80 67 69 22 27 83 45 28 41 34 55 63 53 14 65 77 2 75 68 97 9 43 24 33 101 92 60 30 54 37 62 13 81 95 89 66 61 52 26 8 1 78 17 70 21 46 51 11 56 23 58 7 32 91 90 19 50 6 82 93 10 3 18 86 79 73 29 44 100 94 74
77 75 105 95 43 88 50 41 93 23 28 31 21 57 25 79 18 14 27 91 92 49 46 90 2 22 20 68 44 7 24 55 104 67 6 9 33 15 4 103 48 99 36 74 34 64 87
78 80 100 22 36 13 32 47 11 93 81 15 4 70 35 19 103 37 30 57 12 56 97 59 17 9 62 29 105 18 68 55 45 53 31 40 90 1 24 44 87 26 67 104 2 60 101 64 51 94 34 58 86 98 50 92 20 88 27 6 43
79 83 81 25 55 4 14 24 103 72 1 52 38 20 12 10 71 82 97 88 53 21 19 9 48 63 37 23 33 51 91 27 76 22 74 57 99 94 70 39 44 93 30 73 90 36 16 32 47 75 60 50 95 86 61 6 35 8 3 78 84 100 87 105 40
80 78 57 54 100 84 46 65 97 86 5 17 24 56 30 43
81 83 79 10 77 97 94 14 54 98 29 12 66 88 99 67 55 28 69 50 18 68 47 73 34
82 84 9 46 40 97 4 12 70 52 54 104 34 53 92 56 69 16 91 11 37 85 38 95 14 42 58 31 100 25 10 65 13 89 102 7 68 5 28 96 41 32 98 3 48 63 30 21 60 75 44 66 72 24 71 33 105 20 39 88 57 94 50 67 22 26 35 47 6 29 81 17 59 49 51 74 73 27 93 1 61 78 90 64 76 45 19 15 2 86 101 43 8 80
83 81 79 30 103 55 11 10 41 104 67 89 6 58 26 45 61 37 65 16 87 59 72 20 101 85 25 1 76 94 12 53 15 98 91 60 93 13 40 35 29 31 47 73 86 57 88 4 9 71
84 82 88 66 32 70 92 21 83 39 18 103 98 77 14 101 61 28 9 73 33 62 89
85 89 87 26 38 51 79 46 56 63 95 64 52 103 91 84 29 19 20 65 75 37 13 40 70 93 53 30 8 99 14 62 32 28 23 101 58 45 69 44 90 16 80 61 12 42 21 96 43 102 66 86 57 81 31 1 4 71 60 98 6 41 9 50 55 24 15
86 90 10 61 82 4 87 29 104 76 8 105 36 69 73 34 22 70 15 21 16 85 99 27 31 41 47 1 92 65 83 13 46 5 98 26 56 81 37 97 51 38 100 66 80 78 14 54 30 12 11 53 95 3 33 88 93 94
87 89 85 45 86 32 84 5 6 56 58 66 92 3 91 51 76 29 74 24 96 30 9 11 80 61 73 41 48 21
88 91 39 94 42 74 26 53 1 24 105 8 38 47 80 18 27 98 96 5 6 87 63 93 83 56 58 15 85 32 9 41 90 76 44 45 29 46 48 66 36 43 67 30 84 22 33 60 89 72 7 62 99 3 11 14 92 25 77
89 87 85 6 60 102 88 39 2 66 72 57 79 96 15 18 40 54 76 81 3 58 33
90 86 17 2 15 42 74 37 14 93 19 95
91 88 82 83 71 87 78 105 76 43 35 74 65 64 63 96 36 42 34 27 25 66 85 52 18 16 57 54 53 29 14 62 30 26 47 51 104 89 81 9 21 39 55 41 44 100 69 58 10 60 59 68 6 24 32 3 99 101 79 33 5 48 103 49 2 56 45 8 15 93 102 90 40 31 20 46 97 77 23 50 17 13 61 70
92 95 12 57 38 64 66 32 8 100 55 44 26 86 15 85 20 91 67 75 56 88 102 3 4 16 31 96 34 98 36 23 83 17 74 28 87 27
93 97 69 22 67 35 104 14 89 8 9 38 82 25 101 31 105 53 92 65 73 5 42 61 15 26 23 100 34 41 46 57 36 17 64 86 12
94 98 96 58 13 101 57 80 88 47 92 17 86 95 99
95 92 12 83 94 17 24 104 21 86 31 44 48 9 15 38 98 61 7 66 105 78 34 73 46 29 90 71 60 2 57 53 97 5 47 103 70 49 22 4 37
96 94 98 65 26 37 93 6 13 27 85 72 103 87 60 53 76 14 100 9 52 105 77 54 23 84 80 15 69 66 71 19 34 78 44 63 62 11 7 99 73 29 38 21 24 61 39 90 45 83 88 104 40 82 92 64 101 33 58 10 51 91 28 59 55 81 49 2 57 17 4 74 36 30 102 75 12 41 86 35 5 70 46 68 42 20
97 93 105 33 18 68 102 55 30 8 66 83 5 61 34 56 10 25 50 3 7 76 36 54 19 77 37 23 15 17 98 86 40 73 90 35 88 2 46 100 38 29 28 80 104 95 49 60 42 94 32 87 27
98 94 96 66 102 86 13 37 57 14 74 58 63 26 21 46 101 41 38 42 79 10 28 18 72 65 91 87 39 11 24 73 77 54 2 97 104 81 3 9 25 32 48 30 76 47 15 92 20 60
99 102 53 104 13 45 73 101 66 79 32 56 59 29 39 96 90 38 7 83 36 52 82 21 80 23 47 4 40 97 46 34 87 77 92 1 20 69 5 2 16
100 103 51 8 52 102 15 69 46 70 55 74 84 77 35 101 88 48 49 3 19 95 20 68 90 39 97 104 98 21 43 73 14 44 62 42 32 11 59 37 61 79 9 33 91 56 63 1 31 22 75 58 80 76 85 30 72 87 7 25 78 47 36 6 27 5 93 64 53 81 71 57 105 82 99 17 26 60 65 89 12 16 66 45 83 94 50 34 40 10 86 28 41 2 92 54 38 67 29 4 96 13
101 104 105 6 75 55 12 92 70 100 43 71 82 78 36 72 30 27 63 59 21 45 34 54 20 74 83 24 103
102 99 25 59 37 44 33 47 15 19 6 53 27 97 64 100 34 89 63 77 12 51 45 105 72 67 70 79 86 13 4 26 85 7 91 65 58 93 61 42 90 46 36 30 31 57 60 95 71
103 100 39 49 31 48 52 3 93 76 75 44 57 80 40 67 70 7 5 16 77 104 83 25 82 11 69 62 20 60 86 64 55 68
104 101 105 34 27 13 45 21 35 22 55 52 98 30 59 83 43 80 7 54 89 94 25 8 73 24 39 50 11 63 40 38 18 62 6
105 104 101 38 36 4 20 61 58 16 46 65 66 31 48 100 68 21 22 76 80 34 102 41 91 7 17 67 94 53 90 14 71 26 37 96 75 32 89 103 9 47 12 33 83 24 1 87 27 15 85 10 42 18 81 84 60 95 55 45 59 6 8
