119
1 6 90 10 44 77 18 113 95 20 27 3 50 75 84 74 43 21 62 105 81 54 5 87 97 61 16 33 15 114 46 51 101 17 56 38 53 76 25 93 26 73 91 37 68 116 112 89 67 9 23 47 94 40 119 58 7 103 12 2 108 71 34 85 31 118 28 11 63 8 92 52 30 29 100 59 32 78 14 42 35 98 45 4 117 111
2 3 5 55 6 95 88 9 73 75 72 17 13 1 116 43 93 62 111 7 115 118 65 45 96 56 48 11 106 83 99 92 90 53 16 42 18 59 14 20 113 89 41 40 117 57 104 12 76 35 33 44 66 71 61 54 67 39 19 24 110 31 49 68 69 36 109 74 70 82 52 114 23 25 77 51 47 105 91 60
3 5 2 47 32 60 113 94 107 8 31 111 53 33 15 99 110 117 25 21 81 36 56 16 42 44 38 9 75 87 96 74 66 72 62 114 101 17 98 24 7 39 78 88 37 100 97 80 106 112 84 95 34 6 12 63 71 48 69 104 45 35 79 59 67 27 86 115 73 46 91 19 85 26 22 14 90 50 18 116 41 55 70 65 23 119 105 58 11 10 61 52 92 29 68 49 28 57 54 102 103 89 76 93 43 109 118 30 108
4 7 70 35 67 85 40 102 111 26 94 77 19 27 17 74 18 28 66 20 100 91 44 51 11 80 89 86 56 72 62 116 3 71 75 53 12 97 29 90 9 59 8 46 113 10 60 87 81 1 112 68 104 14 52 42 83 45 65 95 23 24 21 30 37 84 22 69 98 103 105 61 63 25 117 36 92 54 108 118 99 49 38 64 2
5 3 2 33 54 119 108 31 58 1 91 8 44 109 94 23 66 55 103 47 32 14 96 25 118 62 90 28 35 52 39 114 80 24 37 87 26 86 100 72 101 13 116 49 81 60 115 67 56 45 9 112 27 42 85 82 65 98 78 77 84 64 57 92 117 75 93 74 76 36 21 12 102 113 61 99 38 10 30 63 19 20 18 95 40 16 17 73 4 29 89 68 6 43 106 59 7 107 70 11 69 83
6 1 65 97 25 7 27 4 38 72 22
7 4 42 62 91 90 54 115 38 21 77 104 48 59 88 55 9 81 57 33 19 69 65 10 96 43 2 79 34 78 60 41 29 64 13 103 49 75 102 68 30 15 99 44 3 105 39 35 95 86 46 101 14 73 98 118 1 94 28 80 87 76 40 22 85 117 89 67 36 112 70 6 71 20 119 114 56 52 31 83 27 100 106 12 116 74 84 47 113 32 111 93 17 8 5 110 109
8 11 27 36 78 108 10 20 93 14 32 71 23 111 109 49 91 119 63 81 4 61 99 43 38 1 113
9 10 14 76 42 19 94 48 110 106 49 112 62 99 118 61 6 8 31 52 77 40 57 15 109 111 117 69 81 101 73 33 7 87 89 60 75 32 68 105 92 80 98 107 67 11 78 104 20 108 56 58 74 102 13 91 86 72 41 93 37 46 22 51 1 70 53 44 83 84 88 17 59 90 54 39 116 63 4 28 38 36 29 35 30 55 18 2 100 24 23 114 45 95 65 79 34 71 27 43 82 5 21 3 47 66 12 26 96 115 113 16 97 103 85 119
10 9 14 59 110 102 63 84 88 29 68 70 95 62 107 97 38 90 101 92 117 36 7 93 26 65 8 67 105 55 114 80 106 16 83
11 8 78 61 45 40 117 46 96 37 115 83 26 10 65 79 98
12 13 45 20 76 46 66 115 73 35 69 74 113 96 78 64 7 95 27 111 103 116 10
13 12 78 110 11 4 67 36 118 74 2 26 17 1 46 81 115 30 84 88 91 66 52 97 39 70 47 35 116 72 64 7 62 43 117 6 68 55 27 98 29 93 49 77 69 58 101 8 23 31 50 112 82 73 59 106 15 94 95 71 56 119 109 80 75 100 102 16 90 18 76 107 89 3 44 41 65 25 86 113 24 105 42 53 28 99 19 33 57 45
14 10 9 24 37 72 67 80 25 13 35 78 32 43 57 62 27 90 99 46 40 59 21 102 110 55 114 56 109 2 111 23 7 84 66 71 85 115 108 76 117 75 77 15 98 5 19 68 48 65 53 16 103 97 94 50 87 26 4 3 38 93 69 106 79 8 12 101 18 33 20 17 36 39 89 49 29 63 45 70 92 1 73 83 6 60 116 113 119 88 107 51 86 95 31 105 91 28 112 82 104 74 22 41 64 81 30 118 47 11
15 18 21 4 97 103 102 14 53 114 12 17 79 72 110 73 81 98 63 20 117 42 11 83 84 8 70 106 64 48 101 94 62 96 74 6 109 116 80 107 13 50 58 37 22 65 38 45 26 95 29 7 77 111 87 39 31 47 68 92 19 27 104 56 85 49 60 78 30 59 16 67 69 3 82 118 35 43 51 75 113 33 1 112 108 99 46 9 90 66 52 61 23 91 100 55 34 119 36 71 5 28 86 54 40 88 76
16 19 56 114 71 75 62 1 17 97 44 2 119 23 67 41 73 49 103 35 78 54 68 4 95 53 76 8 36 63 111 72 118 80 82 86 14 7 100 13 30 6 110 89 25 69 38 112 106 96 60 85 37 102
17 20 8 60 2 47 116 15 113 76 59 89 42 25 100 57 30 96
18 21 15 23 32 79 97 29 64 58 62 60 14 70 94 49 84 46 81 52 114 45 89 80 53 61 33 87 101 115 68 111 105 12 27 109 7 69 63 98 100 91 92 37 55 48 102 72 96 85 82 42 47 1 93 78 90 110 112 104 43 30 5 39 41 95 40 113 76 108 25 99 11 54 17 44 38 117 9 28 59 2 16 119 83 73 103 86 31 10 20
19 16 30 71 15 17 103 109 100 115 51 70 34 92 46 72 11 18 59 80 84 40 81 38 67 20 119 79 108 10 69 88 36 111 61 39 97 22 76 113 106 24 54 27 2 87 9 42 29 1 102 77 83 107 118 4 47 48 25 60 62 35 112 7 50 75 86 117 21 13 5 12 90 43 53 57 73 98 82 37 110 26 33 3 55 28
20 17 74 13 91 75 31 51 60 29 85 102 101 115 93 78 24 109 34 76 38 56 4 43 11 49 64 52 45 25 86 57 66 67 108 100 23 65 110 98 9 36 72 54 21 88 28 55 62 19 87 10 15 30 7 68 5 53 96 27 26 73 16 92 47 48 59 41 14 89 6 77 44 8 99 116 33 35 80 97 105 107 63 40 69 3 84 70 58
21 18 15 38 69 30 56 28 63 10 71 107 49 32 111 91 17 19 119 74 35 16 44 37 42 73 50 95 46 61
22 25 75 87 79 77 91 95 59 115 61 42 52 109 2 49 17 54 71 68 94 66 40 19 65 112 114 15 46 89 69 72 1 86 106 8 45 32 96 50 26 47 11 84 44 99 60 29 111 117 102 63 83 34 118 27 41 107 14 53 13 12 113 55 31 88 116 7 67 38 24 18 56 101 81 76 104 21 6 97 110 92 80 35 30 10 43 57 23 73 9 98 16 100 3 82 48 70 103 51 5 37 4 93 105 58 39 20 108 33 90 62 28 74 64 85 36 78 119
23 26 87 68 99 41 75 82 58 92 71 27 11 45 9 16 51 77 80 32 52 119 83 72 89 110 40 108 12 15 19 46 61 25 73 90 30 57 54 44 86 103 2 106 38 43 101 10 55 98 18 114 85 113 33 3 104 88 28 118 36 29 67 59 107 24 94 37 117 105 31 17 97 21 1 47 70
24 27 28 105 26 59 112 101 23 94 78 114 86 12 58 46 22 77 50 118 61 47 44 117 9 30 48 109 54 110 15 53 66 93
25 22 70 91 90 103 41 42 34 26 81 68 82 66 101 104 77 21 35 118 102 105 32 88 2 74 10 33 6 116 39 50 55 72 48 43 19 71 65 112 29 56 53 67 87 45 51 80 115 61 59 109 27 98 96 60 30 23 3 69 38 76 108 36 52 14 111 44 31 63 46 95 4 75 100 40 5 20 99 64 54 117 97 15 57 79 18 24 13 89 85 84 12 28 47 110 83 107 73 106 17 93 49 16 92 1 113
26 23 42 119 17 63 91 1 112 8 32 13 54 14 118 49 43 90 84 70 93 102 66 2 78 15 50 110 97 52 79 65 3 86 106 56 94 29 74 115 25 21 58 105 16 20 67 60 109 46 5 88 76 47 61 48 10 38 111 82 103 85 40 72 101 27 19 59 36 77 39 44 41 18 117 96 62 83 4 6 80 31 34 92 113 51 24 55 104 57 100 30 73 22 35
27 24 28 116 60 20 30 117 65 6 88 98 16 90 112 77 71 31 40 14 74 11 63 119 42 73 104 10 26 45 32 85 25 113 72 17 69 49 87 13 84 67 106 56 108 36 86 2 64 115 61 21 47 118 57 50 46 54 62 68 12 94 8 19 70 1 114 92 107 101 110 52 22 37 48 81 9 105 109 18 103 5 66 79 96 33 34 44 58 41 15 39 102 51 3 82 7 111 59 91 43 76 55 75 93 53 23 95 99 38 29 35 89 100 97 4
28 27 24 44 46 55 70 16 73 6 52 20 26 80 48 53 71 106 11 92 81 37 109 75 58 68 87 4 50 112 31 59 118 104 65
29 35 81 96 30 82 72 110 101 26 119 76 107 42 43 31 16 68 91 61 112 34 39 32 103 79 56 54 85 23 45 60 15 9 78 83 25 115 41 5 55 69 58 66 99 87 11 94 21 28 1 7 65 47 48 64 67 46 17 98 109 90 77 2 33
30 33 31 67 98 26 74 2 63 109 107 108 115 99 57 18 4 17 69 60 46 47 50 95 58 113 44 93 65 20 117 94 6 38 91 97 102 82 89 19 81 14 9 51 23 75 90 53 79 105 61 70 48 36 72 96 42 110 66 71 12 21 118 7 25 100 52 116 84 86 92 8 88 13 80 40 112 3 114
31 33 30 2 115 65 111 82 75 59 106 81 110 40 78 71 90 6 69 18 103 57 114 113 5 68 109 48 29 64 17 119 11 58 45 83 102 116 15 56 97 87 85 21 95 9 77 112 91 47 101 76 61 88 108 67 79 94 86 53 1 13 19 51 98 50 46 66 32 117 105 23 70 89 62 34 93 10 84 44 104 35 72 7 96 80 24 27
32 34 20 84 79 28 56 103 3 12 83 14 5 39 89 69 30 23 65 58 66 26 62 53 35 33 117 73 87 110 17 41 91 2 96 18 71 109 13 106 40 9 100 119 104 8 42 70 1 108 93 59 19 88 22 90 61 76 107 6 57 92 25 46 31 82 111 98 15 105 72 47 52 81 80 115 86 63 114 4 85 77 78 67
33 30 31 42 7 107 52 64 67 115 98 91 49 94 82 62 106 96 48 86 113 3 15 18 87 2 61 76 16 65 83 6 109 44 69 11 72 53 118 35 108 77 20 9 97 36 60 66 119 93
34 32 12 37 99 1 97 80 26 47 15 82 60 73 114 119 9 52 48 89 13 16 7 4 105 56 62 19 63 23 77 41 64 72 76 35 81 22 50 117 10 25 30 5 33 42 45 55 98 69 106 87 66 93 103 71 11 104 118 79 108 17 18 94 53 110 21
35 29 108 93 45 39 41 2 34 42 106 102 3 89 38 12 4 26 103 8 75 28 58 20 113 85 22 11 84 1 72 7 70 88 109 91 73 5 71
36 40 11 42 17 87 32 27 116 26 106 41 93 103 25 47 2 97 34 105 88 101 98 90 89 30 107 53 55 22 23 67 35 86 31 21 13 111 72 104 3 78 43 15 39 110 82 115 59
37 39 34 23 65 18 118 111 72 71 100 3 41 31 14 81 74 93 79 45 101 113 11 67 96 12 50 24 98 16 20 117 46 9 28 92 7 107 6 64 13 29 102 53 15 75 73 77 30 49 104 60 27 63 58 26 69 82 57 4 91 88 90 32 5 43 55 119 76
38 41 42 47 86 108 63 34 102 68 81 30 58 56 28 20 55 67 11 59 64 49 106 83 100 40 95 9 82 33 99 4 94 26 52 88 17 78 3 104 44 45 37 91 85 61 76 53 29 12 16 84 92 35 119 111 51 19 116 72 101 90 117 24 43 27 97 87 6 73 114
39 37 99 22 45 17 64 92 114 88 66 62 27 52 95 34 118 3 117 104 23 56 82 58 15 13 28 41 1 71 105 111 84 112 6 10 98 54 80 89 106 68 51 85 63 81 55 115 96 42 102 16 53 74 76 107 78
40 36 78 105 3 23 33 66 54 52 39 28 38 65 95 18 56 35 108 76 109 34 91 113 75 68 5
41 38 42 96 76 116 55 14 56 99 37 87 101 50 86 118 94 8 70 79 54 57 51 77 64 4 7 34 110 91 31 11 26 44 20 109 12 81 19 73 39 113 48 90 27 5 62 21 114 106 58 40 83 43 18 107 108 75 33 22 53 2 59 82 119 10 117 36 72 89 92 61 24 16 25 13 93 9 98 47 46 65 97 105 95 66 49 68 88 71 1 84 111 67 29 63 17 104 15 78 69 85 103 115 52 6 28 74 45 30 60 32
42 38 41 45 27 68 70 3 93 1 21 105 100 112 102 72 63 85 16 114 115 48 54 107 36 80 58 2 78 91 77 59 6 81 56 61 4 47 97 94 31 15 35 26 109 104 20 32 30 23 11 110 106 87 99 116 75 118 71 108 88 73 82 51 8 24 12 13 19 57 95 60 92 43 74 89 7 76 33 101 84 5 39 34 86 65 55 14 40 53 18 17 79 29 22 37 50 96 119 90 66 49 25 117 111 62 103 52 67 28 9 83 46
43 45 46 82 53 70 7 92 1 42 78 114 68 66 18 91 96 67 100 119 38 55 36 116 86 39 115 35 85 16 54 84 87 37 65 73 3 113 75 48 110 10 89 57 80 71 83 11 13 105 108 94 69 72 76 88 27 103 20 52 23 32 22 95 74 101 50 58 4 102 112 19 104 117 118 12 17 14 63 2 56 6 111 21 5 25
44 48 73 18 54 103 86 14 57 77 32 109 56 83 107 37 52 7 36 49 3 58 41
45 46 43 2 116 42 27 59 101 11 25 83 40 17 103 70 78 81 99 47 61 75 110 72 97 49 64 44 79 95 91 119 19 106 48 35 65 113 37 23 96 111 100 93 56 6 53 16 74 112 22 67 4 29 77 102 85 3 18 88 54 39 68 14 21 109 63 115 71 15 98 24 28 117 5 34 55 1 8 92 87 118 38 84 80 90 30 114 60 7 41 76 73 104 66 105 107 33 51 89 57 9 52 20 32 108 36 10 94 62 13 69 12 82 86
46 45 43 31 30 98 115 118 23 55 110 87 60 100 97 82 48 27 70 84 93 7 61 56 9 102 24 91 64 20 42 16 19 65 74 114 57 25 47 117
47 49 4 80 6 3 78 100 42 101 68 116 62 91 56 81 41 70 10 85 118 119 38 69 2 99 60 54 33 23 90 39 76 18
48 44 49 27 17 35 69 81 33 31 34 113 18 97 23 43 53 14 15 61 37 59 116 117 26 70 11 104 7 78 50 112 21 92 22 72 66 91 28 16 24 63 20 77 67 107 80 9 115 52 98 6 25 101 74 102 60 65 87 93 94 71 1 118 12 54 45 89 8 100 57 73 88 103 106 39 46 36 96 58 75 13 99 3 10 47 32 83 95 5 105 82
49 47 55 48 57 61 69 76 10 106 62 7 90 43 28 99 12 73 95 119 34 112 89 20 93 78 22 97 110 66 103 68 42 98 75 71 25 94 2 9 85 88 18 21 53 35 113 26 56 109 101 46 64 118 77 115 117 54 52 116 39 83 23 41 65 13 86
50 51 56 115 32 88 43 106 37 117 71 81 89 112 64 31 16 80 62 30 12 38 105 1 41 26 13 36 96 93 6 76 3 8 59 77 49 72 57 87 15 108 114 9 111 45 48 95 94 86 33 79 119 29 67 25 5 44 24 83 10 63 118 82 7 4 92 68 102 28 60 19 91 98 113 100 104 116 17 66 55 90 103 109
51 50 56 23 58 86 101 53 17 108 20 10 38 88 71 105 27 119 22 64 78 40 95 13 19 15 111 68 35 89 94 6 110 66 60 48 103 9 2 73 59 39 99 55 106 117 30 102 47 79 75 57 87 80 61 12 32 33 92 37 14 83 67 104 93 43 46 84 118 16 63 3 45 115 85 72 109 8 36 116 100 11 98 29 62 52 81
52 55 27 88 9 79 48 87 91 105 99 14 18 65 26 8 118 21 84 45 40 49 110 1 100 101 2 20 61 73 44 114 6 76 4 107 103 90 116 47 78 51 11 42 104 15 24 60 112 34 50 57 80 119 17 72 93 92 63 10 115 7 33 71 32 43 30 25 75 94 109 58 37 69 70 46 111 102 83 41 56 5 13 54 16 39 96 31 62 86 59 23 97 77 108 38 19 82 81 12 67 28 113 3 106 66 53 68 64 22 85
53 54 84 73 68 26 117 69 29 106 38 45 44 36 112 70 48 6 66 111 80 21 116 104 51 78 56 47 98 77 88 115 12 22 100 31 105 11 85 39 50 75 72 20 52 103 92 2 3 65 1 95 5 23 28 96 94
54 53 78 40 91 31 92 64 29 58 67 57 108 37 84 117 69 96 87 10 114 97 100 94 112 93 110 99 36 28 43 109 14 16 15 104 20 6 59 1 118 72 22 77 30 51 89 75 65 95 8 61 83 60 52
55 52 46 48 37 33 62 66 2 71 83 75 110 17 76 45 35 7 44 19 60 86 11 111 21 105 64 42 97 51 6 88 112 80 1 91 25 107 10 4 54 24 103
56 50 51 31 15 28 7 16 101 115 23 29 75 10 104 49 113 85 41 116 52 45 17 99 66 47 63 13 48 89 78 60 54 25 22 108 69 114 6 97 36 9 74 53 72 14 100 71 24 19 62 90 79 103 88 92 18 8 39 61 30 46 102 111 35 32 70 38 84 27 20 43 86 44 95 77
57 59 78 24 4 113 30 105 51 60 17 114 111 93 50 53 9 117 58 99 91 55 37 72 107 32 76 63 33 40 104 102 19 77 23 67 97 74 29 110 81 49 82 66 109 27 101 44 65 34 20 10 31 69 8 35 21 83 115 6 12 41 18 38 84 90
58 63 50 17 53 38 47 5 103 13 94 35 11 37 23 7 118 32 75 39 79 51 67 99 62 72 88 25 73 49 84 20 119 116 45 97 106 26 95 46 78 71 31 113 42 102 30 8 100 104 43 74 98 57 93 48 44 101 28 56 77 107 36 52 3 70 83 82 68 54 15 85 65 34 2 61 29 96 66 108 92 117 91 14 59 9 6 115 86 64 110 69 90 40 4 55
59 57 31 5 96 10 55
60 61 62 54 48 109 107 40 73 63 30 81 86 98 7 41 50 51 14 92 75 101 25 57 108 28 72 91 119 83 12 27 70 21
61 62 60 118 91 112 6 84 25 51 87 99 2 43 111 47 105 46 52 8 41 114 90 85 106 74 26 34 37 11 104 94 35 39 12 81 98 54 19 86 65 59 31 88 24 109 103 68 116 77 75 110 72 79 1 66 3 100 83
62 61 60
63 58 103 91 32 31 16 20 10 88 2 109 98 112 46 30 77 99 86 106 34 7 111 35 119 25 42 3 50
64 66 30 4 60 87 23 99 24 102 5 65 34 89 108 25 48 95 32 43 9 57 72 109 115 42 97 84 67 19 50 15 11 62 28 107 31 59 2 33 74 117 116 14 70 6 39 13 88 85 21 56 68 81 37 54 96 41 103 90 76 51 91 36 86
65 67 69 61 26 28 48 108 73 46 17 89 74 109 77 100 82 87 36 112 84 49 19 83 105 72 92 96 4 18 24 23 97 30 94 90 47 13 101 63 44 80 42 110 29 53 114 56 86 119
66 64
67 65 69 30
68 70 56 16 27 6 60 33 90 96 86 4 22 67 74 44 15 32 77 1 28 84 91 13 102 9 29 109 71 35 49 76 103 39 46 118 19 105 80
69 67 65 48 83 61 110 66 91 108 26 90 81 5 96 95 59 74 25 111 34 88 20 32 115 118 94 79 72 78 21 102 56 87 19 42 33 18 9 84 7 1 114 82 45 12 101 86 71 73 116 98 117 22 62 3 64 97 99 103 29 13 105 15 28 36 23 46 6 4 53 30 70 39 80 43 112 31 44 93 107 50 106 100 16 52
70 68 84 21 48 113 5 118 94 23 64 60 52 12 117 104 49 115 26 4 16 34 35 92 9 107 13 55 58 57 11 78 82 28 56 29 90 67 80 1 39 110 99 87 66 20 73 81 77 71 95 24 86 102 96 91 31 25 93 38 37 116 83 43 114 88 22 62 51 32 54 72 46 112 101 98 103 106 97 15 45 63 6 109 42 40 79
71 73 103 107 72 98 78 10 14 28 114 55 49 23 115 13 58 25 102 16 76 108 15 110 86 44 7 75 79 82 37 38 56 81 69 87 20 106 6 63 83 19 57 24 50 70 74 3 2 53 90 45 68 4 18 51 85 41 119 66 104 27 80 100 11 48 99 93 94 34 29 59 40 62 46 67 31 5 96 84 52 105 109 64 88 1
72 74 77 58 48 99 101 17
73 71 58 53 98 4 108 84 90 118 99
74 77 72 109 48 29 57 96
75 76 40 71 99 91 16 89 22 29 53 72 93 31 97 30 90 79 87 112
76 75 98 117 16 82 74 17 4 64 59 27 72 95 33 70 9 45 60 118 10 52 110 88 11 104 53 112 14 58 114 25 30 73 65 90 119 91 6 50 63 34 20 46 83 7 57 84 93 39
77 74 72 88 102 34 101 87 10 103 29 20 56 30 14 63 84 64 73 92 19 116 68 82 54 106 81 47 6 76 2 79 24 59 17 109 107 52 12 31 39 99 94 32 53 57 119 108 27 95 15 112 75 100 55 83 5 4 16 22 33 1 42 91 67 113 7 90 8 28 62 115 11 114 26 37 61 60 41 3 69 111 36 18 51 117 44 110 70 45 23 49 86 35 85 50 78 13 21 9 65 58 105 48 46 96 66 40
78 81 82 89 23 1 63 111 33 2 50 41 26 64 18 62 59 68 51 60 105 114 35 104 116 90 39 15 14 94 30 74 27 107 34 5 92 49 88 61 115 55 48 22 71 70 8 52 73 83 80 16 99 37 110 100 3 65 95 58
79 83 96 23 55 46 85 91 1 94 59 72 60 38 6 101 39 92 78 66 93 33 18 95 104 34 76 7 53 50 117 119 107 24 5 12 31 114 41 74 3 110 9 77 44 57 82 51 36 98 13 70 21 71
80 84 106 73 52 31 23 4 39 83 54 98 114 51 101 5 97 94 81 103 32 46 47 53
81 82 78 73 14 40 83 119 110 10 51 93 114 42 63 94 28 26 38 22 57 77 113 55 71 27 103 13 15 88 68
82 81 78 57 59 103 75 71 27 51 36 106 49 100 66 29 94 119 64 92 77 39 25 6 20 18 41 76 43 13 11 91 34 50 1 23 45 15 63 89 5 88 113 102 93 58 79 19 37 61 117 56 69 47 109 73 62 83 22 46 115 40 26 21 107 104 114 3 44 110 111 52 90 28 35 101
83 79 71 68 84 72 99 93 111 81 95 64 63 9 18 113 16 41 33 11 7 42 38 66 22 108 116 55 52 96 6 60 57 4 86 75 103 65 29 32 12 30 114 77 82 62 69 36 61 117 35 19 47 97 17 53 44 102 21 28 112 39 34 73 118 115 87 105 107 89 59 8 2 10 5 50 43 49 15 104 25 92 48 23 13 56 90 31 46 119 109 101 80 67 37 3 110 51 94 78 27 54 14 70 106 20 91
84 80 34 82 104 5 74 79 35 101 110 50 43 103 95 102 73 3 27 2 119 23 70 21 44 71 64 47 100 97 93 7 111 68 85 9 118 83 51 67 114 77 78 18 105 89 24 57 22 117 86 56 11 61 107 116 72 99 25 42 59 39 8
85 88 68 59 32 8 48 26 20 80 27 44 78 57 74 4 21 13 50 96 106 82 109 87 116 7 95 55 42 115 49 3 53 28 111 104 2 67 72 43 118
86 90 87 12 111 10 71 48 73 110 36 20 3 35 94 98 8 66 22 21 81 45 108 19 25 83 4 77 27 44 57 117 54 16 17 40 41 63 7 67 5 102 97 104 43 88 1 109 53 15 112 18 92 91 95 113 107 116 89 85 9 75 106 6 34 101 28 64 69 103 31 39 68 100 51 119 47 11 55 23 37 52 82 30 115 118 50 38 14 114 58 24 84 70 33 42
87 86 90 19 85 13 42 89 4 43 103 110 9 92 64 118 5 73 67 98 76 29 23 60 88 106 119 14 47 35 96 24 99 63 32 100 15 3 28 31 39 27 68 108 33 11 117 116 6 1 62
88 85 6 61 114 71 117 50 82 42 108 16 21 115 29 95 83 112 81 47 74 56 24 43 110 63 37 78 102 87 72 18 93 9 8 99 118 89 13 10 22 119 14 75 96 48 53 66 34 2 3 57 4 106 90 51 27 101 28 38 31 65 80 84 67 109 77 104 35 17 49 23 73 64 41 25 54 92 105 70 98
89 91 65 87 35 19 49 84 40 92 60 70 86 16 93 42 71 46 109 53 4 29 96 38 63 118 11 10 97 64 114 59 37 26 8 61 54 78
90 86 87 79 24 43 17 91 37 107 20 110 57 23 112 11 106 70 114 12 45 113 96 88 65 74 2 32 39 53 31 14 34 47 40 54 27 13 5 119 10 68 4 25 105 102 80 52 82 33 38 97 8 3 118 58 85
91 89 15 14
92 96 98 87 84 22 64 105 68 114 104 69 26 97 59 11 39 24 13 93 77 42 110 66 81 19 90 86 106 70 56 3 63 75 100 38 12 88 33 79 34 57 65 99 78 10 7 6 36 41 54 8 50 25 29 94 16 102 45 31 73 74 21 14 71 48 118 2 76 67 109 80 89 28 115 23 101 103 47 46 1 30 40 117 27 15 116 85 32 108 4 72 51 52 53 91 60 9 35 55 113 18 17 43 83 5 37
93 94 106 7 99 17 22 117 6 11 118 13 38 105 52 72 58 19 63 110 77 23 40 36 8 96 82 43 4 44 59 104 57 113 65 2 34 33 20 60 26 86 37 16 9 79 84 85 61 115 47 95 108 101 91 10 55 25 18 66 109 80 46 14 90 64 12 30 5
94 93 25 10 13 6 15 24 99 32 39 48 30 85 80 87 8 26 17 111 73 97 2 82 118 16 36 57 12 38 46 18 60 114 96 55 83 77 37 43 89 4 1 50 11 14 34 27 51 79 76 56 53 78 54 52 61 66 65 44 92 22 100 104 102 107 5 35 64 98 101 115 95
95 97 110 28 74 109 62 91 19 32 45 115 47 69 56 46 64 26 29 27 44 37 13 112 82 73 111 53 89 40 106 80 96 18 94 66 54 59 55 11 71 52 118 107 75 5 77 48 84 105 20 100 114 81 24 14 85 21 8 76 15 39 70 104
96 98 92 9 84 28 71 60 6 24 5 29 3 36 21 69 111 65 66 31 15 11 57 20 2 105 8 58 78 27 74 103 55 67 89 97 119 38 47 56 63 87 100 107 26 7 81 70 110 109 17 23 59 42 90 83 114 62 86 101 76 40 72 104 99 79 19 18 108 4 12 85 73
97 95 89 23 84 60 78 119 25 47 99 52 108 54 83 94 50 93 3 74 73 117 34 10 16 56 22 77 109 48 67 115 110 12 79 82 107 81 75 90 37 112 20 64 106 38 85 118 114 32 11 65 61 80 9 113 86 63 104 8 57 24 91 6 40 31 55 39 76 5 102 66 53 7 58 33 30 88 101 98 21 19 96 51 36 70 29 69 59 105 28 71 14 49 26 35 27 13 41 4 68 87 17 92 18 42 116 43 72
98 96 92 86 30 99 69 35 19 36 56 78 116 11 42 17 66 21 51 12 114 87 79
99 105 18 114 2 60 17 35 93 26 113 108 37 57 20 78 119 85 51 30 106 90 15 100 50 109 91 40 95 76 9 79 41 12 8 13 84 22 33 77 70 4 68 59 19 28 69 48 53 83 24 3 62 1 73 46 66 25 104 107 34 81 56 36 29 94 14 86 27 67 118 38 63 74 102 42 61 6 116 32 101 92 72 96 110 7 87 45 11 55 88 64 54 43 89 65 44 98
100 104 101 16 86 111 10 8 92 107 102 49 28 34 61 12 60 98 95 33 63 36 20 47 69 46 6 114 99 18 48 30 23 67 29 85 1 83 59 14 50 76 81 78 74 65 75 57 115 89 22 93 71 77 27 105 13 32 116 91 24 25 106 4 88 52 72 43 64 109 80 87 94 17 110 66 58 56 9 11 3 38 15 19 62 108 97 96 79 90 31 42 117 54 5 53 39 26 73 112 82 70 55 118 21 41 113 68 35 119
101 100 104 105 18 39 80 76 12 24 56 73 1 72 88 40 36 117 115 19 112 116 8 69 54 51 68 66 2 81 44 30 34 75 94 91 5 21 74 89 32 25 102 108
102 103 93 105 25 79 21 28 48 94 10 52 82 1 119 38 111 80 3 17 70 47 5 8 84 88 92 42 76 73 97 6 60 9 95 26 19 118 2 44 75 87 35 71 34 113 32 57 116 49 56 64 96 31 66 22 77 117 112 107 39 23 54 24 67 11 40 69 81 91 83 78 68 29 16 106 110 58 85 53 109 36 101 37 72 27 99 98
103 102 2 104 12 70 86 84 30 92 22 75 52 57 110 119 42 10 87 72 89 116 26 20 67 98 15 73 115 48 62 28 85 81 83 64 117 59 19 94 24 91 111
104 100 101 84 115 95 108 82 22 50 110 68 1 33 81 26 29 48 42 96 107 35 106 18 118 40 51 32 113 56 31 103 65 111 12 23 41 36 59 74 102
105 99 53 56 17 104 3 16 50 114 97 39 116 79 31 9 78 111 1 54 5 51 28 80 12 24 64 27 61 19 32 38 8 49 18 55 103 96 21 58 115 72 101 85 67
106 111 26 5 37 29 76 66 38 98 96 71 8 55 105 77 27 32 11 19 70 34 79 87 113 72 2 4 49 100 30 85 21 36 119 104 56 1 117 52 88 9 86 92 6 101 42 82 73 97 65 67 89 18 78 64 31 51 25 63 116 47 83 44 75 53 118 20 58 114 74 43 95 35 16 80 60 40 33 69 62 102
107 112 109 81 1 34 105 22 35 108 110 58 94 98 39 10 21 33 45 3 67 60 16 6 72 82 83 118 79 15 44 52 62 73 28 54 65 2 102 29 5 111 84 30 50 41 89 66 63 9 55 93 14 88 18 51 100 90 77 4 76 97 96 69 36 26 8 23 117 27 64 68 12
108 110 10 70 64 90 40 67 75 18 35 61 106 47 13 9
109 107 112 34 18 83 27 42 58 87 100 90 43 55 1 113 51 94 11 32 5 104 59 56 114 10 8 6 30 54 84 82 24 4 65 2 62 33 16 22 21 77 102 36 49 39 119 67 91 63 76 103 46 117 73 71 25 37 41 40 72 78 60 115 70 118 61 89 53 31 15 69 116 75 52 12 106 35 110 20 96 38 86 105 64 108 88 57 74 29 47 17 81 97 45 50 44 48 23 66 28 26 13 3 68 101 7 79 80 111
110 108 24 78 52 66 45 28
111 106 103 81 115 27 44 60 77 34 80 79 45 67 24 118 22 84 63 12 50 35 99 98 112 59 96 54 21 72 62 16 73 69 18 119 33 19 11 101 74 46 4 37 13 92 117 91 53 85 78 43 113 105 104 31
112 107 109 30 46 62 73 97 20 35 102 113 105 77 23 59 50 60 29 100 69 51 103 84 10 17 45 94 89 83 27 99 39 55 3 72 42 58
113 118 119 30 102 47 44 19 108 3 40 74 92 38 22 63 112 48 58 84 91 73 76 100 109 98 5 85 46 80 32 83 27 37 60 57 95 59 29 34 39 115 53 2 56 66 21 64 18 96 81 11 67 104 107 1 45 79 23 8 106 36 35 10 20
114 116 64 11 34 66 91 3 69 105 5 81 56 17 55 113 89 44 15 101 102 68 106 16 71 86 94 67 45 85 54 7 48 83 92 58 104 12 51 18 119 59 65 108 74 46 30 110 19 88 115 82 32 38 49 36 109 97 77 96 9 70 22 63 76 72 31 10 43 90 26 84 24 4 57 87 47 93 33 95 42 111 53 78 20 99 98 2 41 8 112 79 103 61 25 14 35 60 37 80 118 27 13 21 107 28 6 73 39 75 1 100 40 29 52 23 50
115 117 33 88 106 9 94 24
116 114 49 102 88 79 53 67 119 34 55 6 78 85 60
117 115 93 33 47 80 42 85 22 73 36 49 112 105 101 21 61 109 90 26 27 54 14 25 48 15 107 5 67 69 18 60 1 86 17 84 71 55 64
118 119 113 105 40 7 81 4 116 21 65 111 43 58 85 106 100 6 41 79 92 57 78 103 75 47 2 17 108 102 29 32 54 33 50 62 35 18 88 70 71 99 51 93 48 91 34 9 59
119 118 113 101 32 117 64 99 24 29 97 58 22 100 95 70 90 83 12 35 96 13 5 108 63 23 76 16 14 31 62 2 6 67 34 52 68 11 61 82 40 42 93 77 46 78 114 71 92 74 89 8 80 50 85 91 33 69 17 94 28 106 116 20 44 18 48 53 75 60 115 39 112 72 1 3 36 27 65 51 104 9 25 107 19 7 98
