91
1 4 84 55 36 37 41 27 32 20 73 24 54 46 80 65 51 40 42
2 6 81 36 18 19 3 68 59 23 14 66 27 35
3 7 5 87 52 28 12 50 83 59 74 68 9 43 14 17 66 79 82 38 37 55 19 57 53 49 42 21 31 51 11 1 63 20 69 61 36 90 78 84 70 75 35 8 86 18 65 71 48 25 67 72 30 85 60 39 22 33 44 24 16 56 6 46 64 73 76 32 27 15 10
4 1 64 38 44 58 41 6 39 59 62 9 7 50 57 83 49 74 76 11 68 22 56 28 31 61 70 3 45 88 71 85 24 32 48 13 82 37 40 84 66 25 43 20 72 80 19 51 42 10 69 30 53 2 29 12 17 35 67 63 46 15 26 8 60 33 65 77 14 5 81 23 86 73 27 52 34
5 7 3 70 21 39 62 36 38 12 25 45 54 30 57 51 10 89
6 2 84 45 10 64 34 47 31 5 40 41 89 50 57 38 33 69 1 4 46 30 20 66 76 62 75 32 39 11 56 61 37 83 91 26 43 81 71 53 35 67 52 77 42 16 60 79 58 65 23 15 24 88 21 63 82 70 85 68 18 36 49 27 17 73 55 8 59 13 86 3 78 90 28 9
7 5 3 35 45 53 23 76 63 31 77 13 73 65 15 66 61 6 72 84 51 28 37 67 38 87 30 27 44 4 36 33 24 16 41 48 8 47 19 12 83 78 70 74 85 11 39 68 29 82 55 88 69 59 25 56 89 57 21 2 1 32 86 80 20 91
8 14 23 1 50 72 55 71 75 9 59 24 61 57 51 87 68 41 53 67 34 22 5 20 42 35 49 10 73 63 91 37 46 2 78 77 56 84 90 76 6 64 11 89 17 52 48 3 69 88 27 13 25 7 66 15 82 12 28 38 29 83 32 40 85 31 19 33 80 26 4 36 44 70 81 30 47 39 86 79 43 74 16 62 21 60 54 58 45 18
9 13 10 35 23 86 82 50 12 17 70 32 2 16 40 20 41 38 66 22 14 61 31 4 85 77
10 13 9 11 58 74 7 42 82 90 27 21 8 46 76 23 31 53 51 18 87 40 78 55 71 17 77 44 33 19 50 15 3 73 62 41 24 35 25 88 61 68 32 22 34 28 43 75 84 70 89 60 1 2 52 4 64 6 49 83 65 59 45 91 63 29 38 39 67 5 80 16 30 54 47 57 12 20 86
11 12 28 66 87 19 37 33 82 81 5 39 83 74 89 71 85 58 42 79 32 52 49 29 63 91 4 23 48 60 13 31 50 53 76 20 64 72 25 18 88 70 9 46 21 35
12 11 21 13 80 54 32 56 79 88 4 36 70 18 10 47 26 65 44 42 16 59 33 85 60 51 61 43 31 58 7 91 29 17 45 75 39 87 15 49 9 71 55 57 1 62 52
13 9 10 68 90 86 56 46 81 2 79 89 74 88 25 14 24 48 43 36 35 23 64 32 33 71 62 1 30 17 12 69 31 80 47 76 19 40 22 66 82 85 61 52 65 49 50 75 87 70 60 58 73 34 18 77 27 91 7 11 72 41 28 57 15 16 5 51 67 39 53 44
14 8 87 63 64
15 20 19 17 11 83 49 35 60 10 55 64 16 12
16 17 18 63 54 83 2 28 65 12 91 49 47 67 90
17 18 16 82 64 62 75 54 58 3 50 48 47 43 1 11 23 88 31 9 51 36 53 37 44 35 59 77 73 25 81 42 49 13 7 70 90 39 60 6 33 86 10 84 45 78 76 72 8 2 68 34 19 83 26 87
18 17 16 91 55 19 86 67 45 35 32 52 38 75 81 66 70 89 59 62 9 69 64 54 80 21 51 50 41 84 8 39 14 20 76 37 72 87 48 12 33 24 44 74 77 65 85 1 13 47 2 82 57 63 6 29 83 23 42 27 7 30 78 68 73 40 71 58 5 60 36 61 31 34
19 21 3 5 9 45 65 34
20 15 88
21 19 70 28 13 10 33 53 2 81 61 88 16 37 15 8 3 23 27 48 9 55 62 83 38 25 56 39 91 79 40 64 24 31 76 41 74 54 5 17 30 44 51 66 36 63 1 49 65 90 46 58 89 32 11
22 28 72 7 82 91 61 90 49 54 88 73 31 77 23 13 69 83 80 53 87 17 76 35 37 60 19 1 10 59 75 67 55 66 3 29 86 58 48 47 4 89 56 15 42 38
23 24 64 22 68 86 54 56 83 51 50 8 63 72 62 53 44 70 26 31 38 20 42 78 76 4 13 66 89 18 81 84 46 71 2 39 52 58 6 43 14 5 61 87 55 10 1 30 88 12 17 27 69 65 15 9 21 60 91 49 7 3 47 48 77 82 45 33 57 16 36 11 73 59 25 32 19 37 35 67 29
24 23 28 84 5 40 16 83 68 79 85 10 66 63 41 62 47 58 49 37 9 43 65 67 19 50 3 17 70 55 25 35 91 52 36 82 57 59 21 78 88 45 15 14 13 53 51 22 4 90 32 26 11 18 29 89 8 60 33 46 61 34 72 12 48 39 64 73 75 27 42
25 27 26 10 74 84 61 54 2 36 13 6 7 65 71 81 47 48 86 34 90 37 3 38 70 17 83 14 80 19 33 44 73 15 59 88 52 4 28 32 63 58 57 49 39 62 40 21 51 56 24 72 76 1 50 64 66 8 16 41 12 9 23 78 29 53 79 55 46 87 30 43 77 5 82 31 89 60 67 85 69
26 27 25 47 81 79 88 50 10 2 66 59 9 29 1 43 23 60 53 74
27 25 26 75 11 53 4 86 46 24 30 84 7 21 76 34 6 69 88 67 20 13 42 57 45 32 19 37 58 79 89 91 78 64 47 87 59 54 81 1 12 15 48 61 16 66 71 28 39 31 17 3 40 74 68 80 18 85 8 82 10 63 22 55 35 41 33 52 36 43 73 49 62 70 29 2 77 90 14 5 23
28 22 39 79 49 9 72 8 25 77 61 38 35 32 88 13 58 80 30 90 41 68 45 31 53 82 81 83 20 70 19 26 74 73 21 29 7 91 4 52 57 51 2 15 40 59 33 1
29 32 35 86 72 62 67 18 65 91 5 6 52 46 10 42 7 8 41 85 4 55 44 26 89 31 64 76 82 19 73 58 79 43 16 45 37 57 81 38 34 84 77 74 39 53 83 59 40 27 9 75 88 68 66 87 25 61 15 70 2 30 3 90 78 20 51 23 80 1 49 47 14 71 17 12 28 24 22 13 54 33 56 11 69 50 48 36 21 63
30 34 22 55 44 80 7 73 8 3 76 38 81 83 78 9 41 56 71 65 37 31 72 13 1 61 21 88 47 67 23 12 64 49 54 79 26 60 35 69 20 45
31 33 27 89 58 85 2 62 38 4 54 50 47 82 5 88 76 37 21 68 40 71 45 86 25 7 13 43 1 51 34 28 17 61 75 74 35 81 53 3 60 83 52 14 79 10 8 63 90 29 66 67 39 9 36 55 73 41 80 20 64 26 49 56 44 59 22 6 15 46 78 19 65 69 23
32 29 35 89 63 33 2 48 82 85 9 8 18 76 52 50 28 67 74 51 44 62 75 60 40 80 16 71 77 45 64 14 61 88 31 25 19 81 55 6 4 5 21 11 54 38 39 68 27 10 23 43 20 22 41 3 37 86 42 57 72 69 26 79 83 87 70 34 17 53 47 90 1 36 30 58 46 66 12 73 13 56 49 15 59
33 31 4 72 22 69 5 67 73
34 30 78 75 60 88 20 55 83 8 57 14 42 56 23 12 40 85 50 54 16 26 5 28 58 74 77 62 64 86 52 39 79 21 51 71 37 82 24 25 53 17 29 44 48 3 31 36 7 33 84 35 2 90 73 43 68 9 10 15 69 59 45 32 11 49 89 18 41 47 81 19 13 70 46
35 32 29 51
36 42 66 9 45 22 1 31 35 73 58 71 83 25 54 77 37 84 34 81 64 13 29 53 68 14 69 56 60 39 16 8 17 6 32 27 20 28 44 88 49 75 18 7 78 91
37 40 41 91 10 42 84 47 75 26 35 49 66 71 74 11 45 67 82
38 39 45 62 70 60 68 86 44 48 66 16 35 79 81 87 33 85 27
39 38
40 41 37 73 50 72 82 71 90 11 83 6 87 32 16 29 26 69 86 64 20 48 77 31 51 49 25 54 80 78 76 74 36 18 28 3 53 57 85 17 7 47 1 39 84 4 13 5 42 38 14 59 34 8 65 24 56 9 33 68 88 52 23 10 75 63 43 27 55 67 46 89
41 40 37 26 90 13 22 62 82 29 80 88 71 39 70 9 46 67 14 38 10 87 59 18 53 1 69 66 25 68 15 6 85 17 43 50 83 33 74 2 52 63 12 11 20 77 78 8 27 73 48 91 81 57 51 42 24 32 64 49 72 5 56 34 36 30 79 86 35 76 16 89 54 44 31 23 4 75 47 61 19 21 28 7 65
42 36 4 59 54 63 5 60 44 76 12 53 21 35 46 30 29 23 28 66 24 68 16 88 3 78 56 69 32 52 79 84 41 6 47 81 71 27 39 64 62 74 1 89 20 82 86 26 61 77 18 85 43 51 37 7 73 48 25 15 75 13 55 22
43 45 47 30 37 77 24 88 68 50 15 79 83 6 8 91 63 46 28 14 26 27 13 18 86 4 71 75 29 17 3 39 48 61 57 53 82 85 22 62 40 38 2 52 1
44 46 64 57 85 50 68 77 31 90 39 86 55 16 69 88 71 14 78 45 37 35 62 75 23 40 33 56 61 87 27 83 80 73 24 26 42 10 49 19 81 70 91 1 76 34 25 89 48
45 43 47 26 21 68 46 4 58 2 59 57 17 3 71 27 91 76 77 86 80 37 48 24 81 35 70 25 85 42 52 65 18 73 33 64
46 44 57 64 70 55 34 6 40 22 66 31 13 37 69 15 4 38 21 7 59 26 27 79 33 76 58 90 48 5 23 52 42 20 60 87 81 89 83 50 1 61 8 68 12 72 85 56 65
47 43 45 73 23 82 18 37 32 83 79 24 87 48 61 57 56 14 35 12 75 9 51 78 58 65 91 7 26 66 11 86 10 42 59 54 74 22 44 64 34 19 62 46 70 2 29 13 20 40 80 81 33 36 50 15 52 85 3 41 8 63 71 39
48 49 77 13 54 42 15 89 26 25 38 43 61 32 76 74 27 16 87 80 85 12 53 90 57 24 56 5 70 17 59 47 55 7 91 67 4 62 30 73 75 79 69 3 28 22 51 78 52 60 37 58 71 9 68 81 45 39 8 10 35 20 18 84 50 83 14 34 64 29 86 41 82 33 40 88 66 23 36 44 6 65 72 19 63 1 46 2
49 48 32 44 62 13 83 85 61 15 31 54 63 46 59 33 58 57 24 84 43 5 81 72 2 67 21 82 36 68 8 11 3 56 70 91 27 69 17 51 1 20 29 50 60 74 87 71 25 88 76 80 37 41 89 78 64 73 86 65 79 23
50 52 54 69 74 1 45 64 7 49 20 53 18 32 85 48 10 73 16 76 46 35 8 39 38 55 57
51 53 34 9 25 48 89 14 39 76 40 86 81 18 74 63 78 82 26 54 58 69 90 12 3 80 19 55 91 2 73 52 33 65 29 15 32 70 17 64 50 46 31 35 1 5 37 22 87 83 71 4 27 38 23 77 7 6 47 28
52 50 54 49 79 19 35 70 82 21 15 56 6 16 90 43 31 7 23
53 51 38 5 27 41 20 40 56 80 31 18 82 59 4 81 49 72 17
54 50 52 37 89 45 8 35 70
55 56 47 76 69 2 63 27 80 49 32 60 36 22 88 71 87 79 61 39 42 18 30 7 84 91 16 13 1 35 34 59 40 17 58 23 68 31 14 12 57 43 38 73 11 86 24 74 3 33 52 64 19 83 75 82 77 78 66 6 9 62 54 51 70 53
56 55 53 68 84 17 3 43 41 34 26 69 45 88 70 38 40 42 1 57 5 89 16 24 49 47 73 71 12
57 63 67 27 16 55 65 85 11 10 68 43 61 66 70 42 83 8 24 64 80 86 69 29 79 49 84 14 45 7
58 59 87 81 54 73 40 56 14 66 18 43 9 20 83 5 38 46 71 4 76 78 67 34 90 62 33 7 24 64 70 30 61 60 8 63 45 27 25 91 19 2 50 80 57 1 12 55 16 41 89 32 22 47
59 58 24 37 41 73 53 57 42 8
60 61 62 58 52 15 28 84 30 23 20 63 49 14 44 88 87 65 86 26 66 77 10 83 25 6 85 5 56 54 59 21 34 29 11 90
61 62 60 56 35 1 40 5 2 36 48 25 19 59 84 75 78 83 87 82 64 46 58 89 63 45 57 74 67 29 52 42 11 43 38 20 65 32 50 85 81 22 66 73 30 17 77 41 9 47 53 68 34 49 26 27 23 91 55 6 16 15 12 3 69 86 33 70 7 31 18 51 10 14 44 28 21 24 80 39 79
62 61 60 53 90 25 12 69 49 91 20 75 15 71 4 26 5 33 8 42 73 16 3 19 74 87 36 79 35 65 7 66 27
63 57 25 56 40 71 75 28 90 53 4 58 11 30 19 45 46 2 22 59 3 62 24 36 21 69 76 85 72 68 48 37 23 77 8 55 34 47 32 9 79 41 16 13 84 29 6 15 43 83 5 42 33 91 39 82 38 7 74 70 66 18 78 60 61 20 50 17 65 49 27 44 88 54 80 89 10
64 70 73 43 72 82 31 13 68 8 53 9 40 66 23 89 25 55 56 16 79 52 24 41 90 75 47 15 54 7 65 87 35 20 74 33 86 32 17 48 2 34 21 62 58 29 91 22 50 5 49 39 44 42 1 81 76 77 59 46 14 69
65 66 68 25 73 81 19 5 3 53 35 23 50 16 33 28 30 26 56 44 57 62 41 52 88 64 10 8 85 43 1 9 51 45 54 48 39 38 79 58 2 29 4 27 37 6 84 36 47 24 31 20 91 90 49 69 13 11 70 40 86 18 42 63 67 71 89 75 61 80 83 76 17 87 22 72
66 68 65 70 60 81 78 56 54 16 61 9 22 76 57 72 13 51 37 20 38 36 8 31 69 84 28 88 83 45 46 48 34 32 82 87 4 41 14 49 79 44 74 24 26 62 33 53 90 73 67 64 86 75 40 3 80 1 89 71 35 17 52 25 77 7 47 85 43 5 59
67 69 33 47 72 6 11 43 35 20 73 24 66 50 71 27 85 42 51 83 82 61 31 34 59 70 4 30 44 10 9 68 2 89 39 21 87 14
68 66 65 15 82 25 52 36 20 56 90 67 29 80 11 12 85 26 17 74 87 46 89 50 42 22 31 81
69 67 74 52 24 57 78 70 25 87 14 61 36 63 53 89 33 28 56 40 64 4 13 11 50 58 35 32 5 90 16 22 81 27 18 26 80 7 19 49 73 21 39 15 75 1 55 65 66 23 48 10 31 6 43 41 3 82 72 34 30 46 68 85 38 2 59 29 84 44 42 83 9 79 17
70 64 45 72 77 47 7 17 11 73 32 20 18 75 57 48 26 25 61 33 83 38 13 29 10 86 35 65 16 78 81 6 63 87 12 34 55 9 74 28 27 91 39 56 31 84 24 85 8 62 1 44 14 68 80 15 60 50 42
71 73 37 36 52 25 55 41 87 80 6 14 23 8 38 64 15 21 76 35 51 22 85 81 90 31 27 20 47 3 75
72 76 74 89 11 79 18
73 71 86 35 22 57 8 10 38 55 44 51 77 69 49 82 36 88 65 68 32 7 79 2 28 85 15 29 26 46 3 43 40 4 67 75 53 33 47 25 45 18 74 6 76 70 91 72 12 21 39 52 17 60 42 66 16 11 5 59 9 80 50 58 84
74 76 72 33 13 50 45 78 90 83 23 87 26 53 91 38 46 64 63 22 28 3 57 8 25 43 14 24 39 34 19 81 79 65 70 44 9 59 73 2 77 89 37 11 80 29 17 35 54 69 21
75 77 34 36 42 18
76 72 74 52 13 40 71 8 54 87 81 84 43 15 59 14 46 30 32 67 55 88 66 62 3 38 50 73 11 91 65 51 45 28 5 2 35 75 80 49 70 61 37 29 56 33 1 18 69 34 60 44 23 16 82 53 47 4 57 79 36 9 25 48 41 31 22 10 64 7 24 85
77 75 37 20 29 91 57 22 73 27 12 86 35 60 26 63 14 33 49 9 36 76 28
78 80 81 27 30 89 86 7 63 67 65 46 5 1 69 61 8 35 19 62 9 75 73 16 91 71 53 18 85 42 87 59 37 4 38 20 55 76 70 21 29 23 14 2 66 47 6 48 24 13 57 10 45 56 44
79 83 81 64 14 91 84 54 6 21 29 26 33 15 52 3 72 34 70 1 63 82 39 88 49 66 13 51 27 59 58 69 73 71 37 86 5 46 74 68 65 17 31 47
80 78 81 71 1 22 66 39 19 44 50 30 33 73 87 38 37 86 25 58 47 68 62 36 28 59 53 32 63 51 15 40 34 77 83 10
81 80 78 79 90 25 73 18 46 64
82 84 16 28 46 89 81 50 58 30 71 29 54 77 63 7 8 49 45 76 17 70 47 15 91 21 31 39 27 88 72 26 83
83 79 10 58 17 47 88 31 11 6 40 51 5 22 76 21 56 68 73 30 89 43 67 2 82 71 1 13 33 74 46 59 45 38 64 16 49 70 54 9 37 36 19 50 41 14 78 26 63 24 65 55 12 32 61 91 57 27 69 28 18 20 84 8 15 90
84 82 32 40 22
85 89 86 9 67 15 8 90 79 27 41 6 21 28 83 34 63 10 1 74 3 7 37 66 62 39 11 46 26 33 36 16 54 72 20 65 19 2 77 57 13 59 43 50 56 78 52 91 70 24 73 88 76 47 84 35 42 40 22 53 44 17 82 75 87 31 30 14 71 69 23 29 45 81 80 38 58 64 51 32 12 5 60 61 4
86 89 85 44 31 8 57 5
87 88 22 56 11 16 77 35 48 70 28 63 91 82 27 25 30 61 85 84 37 69 33 10 81 23 13 17 89 45 32 41 21 12
88 87 39 22 89 43 21 44 61 79 47 40 2 71 12 27 63 80 67 56 86 90 13 72 17 81 24 32 16 6 3 11 64 48 26 18 25 65 70 74 29 82 8 83 37 49 5 23 55 66 54 10 35 50 51 62 45 68 57 31 34 14 1 69
89 86 85 39 50 47 83 91 10 43 5 70 11 37 66 56 32 60 6 75 90 19
90 91 17 9 69 52 65 8 2 82 62 63 27 77 26 14 40 5 70 68 81
91 90 57 22 54 4 37 66 19 44
