56
1 3 7 32 11 40 27 55 5 54 30 18 36 9 10 14 53 42 51 23 46
2 4 51 9 49 23 37 48 38 27 3 16 35 13 34 36 54 50 33 47 6 29 30 18 5 11 55 56 24 14
3 1 7 13 6 49 23 30 43 10 16 21 22 34 51 45 29 31 48 11 33 53 39 32 41 28 12 42 50 4 19 38 26 47 2 52 40
4 2 43 34 35 54 39 47 28 22 51 42 56 19 36 27 41 50 25 1 33 37 6 14 9 40 5 38 31 21 45 46 32 49 55 20 53 7 11 48 44 13 29 12 17 24
5 6 29 44 35 13 39 27 41 26 3 22 38 16 14 9 19 50 24 40 31 49 37 17 18 34 4 11 56 51 30 1
6 5 14 41 12 48 36 43 28 9 29 19 33 15 44 55 18 7 13 21 3 17 32 4 46 56 52 47 26 24 38 20 11 31
7 3 1 17 6 15 49 53 22
8 10 34 30 36 3
9 11 13 16 50 47 48 23 28 19 15 43 30 37 6 3 52 17 12 8 36 25 7 33 44 22 53 27 14 54 56 35 55 42 4 49 26 40 18 34 24 41 20 10 39 38
10 8 47 46 5 16 19 50 24 49 36 54 21 6 31 25 43 13 14 17 42 28 20 7 9 44 40 23
11 9 13 47 48 10 26 43
12 14 33 35 18 53 28 36 48 55 10 37 30 32 41 51 54 34 52 50 42 4
13 9 11 5 41 55 36 14 48 25 1 18 2 54 51 49 24 3 30 37 33 28 6 42 23 47 22 27 32 8 38 17 10 19 15 31 34 39
14 12 3 6 26 28 18 52 34 33 5 15 25 36 10 49 24 54 51 11 48 32 42 53 47 8 9 20 37 19 44 35 7 17 4 56 45
15 20 16 23 51 46 11 37 25 44 41 31 14 8 30 50 4 10 39 18 33 22 34 45 9 19 28 3 24 29 40 32 5 21 49 35 54 1 27 7 42 12 53 13 38 55 47 36
16 15 20 1 48 6 50 31 3 24 14 18 53 17 46 54 47 52 27 35 25 2 9 8 44 49 33 42 29 45
17 19
18 21 27 7 51 33 37 14 29 42 23 24 5 30 20 47 12 22 48 35 26 3 31 13 10 15 53 40 16 55 36 50 19 52 38 54 1 9 11 49 44 2 41 32 45 43
19 17
20 15 16 30 53 45 49 47 2 13 7 42 46 21 35 8 38 51 22 33 43 19 1 27 28 54 41 50 25 39
21 18 46 54 48 25 31 44 19 5 27 8 40 36 42 39 1 50 20 11 45 6 22 12 9 14 3 33 29 37 16 32 41 17 43 26 35 52 7 23 30 34
22 25 5 17 10 16 36 46 51 1 33 13 24 54 42 32 43 14 7 38 30 49 12 39 15 23 44 47 21 55 19 34 52 41 8 6 40 2
23 28 20 21 27 29 9 44 1 13 50 38 7 12 55 45 5 10 53 6 37 48 46 35 39 56 47 26
24 27 26 25 20 29 55 51 45 34 11 56 50 4 44 39 30 5 21 40 33 32 38 46 47 37 48 35 53 12 31 15 13 3 36 2 28 7 6 18 54 52 16 1 41 8
25 22 10 54 49 40 51 23 30 17 53 21 33 37 56 47 45 55 4 43 39 11 28 9 48 15 3 29 46 35 6 12 50 32 20 42 18 34 27
26 27 24 52 28 35 38 40 56 9 55 33 47 51 29 25 31 18 39 17 45 16 42 12 50 5 23 14 36 49 6 15 4 43 13 37 10 32 2 11 20 8 21 54 1 30 41 53 19 48 46 7 44 3 34
27 24 26 48 34 51 31 10 56 40 18 1 36 29 44 47 13 35 53 28 25 9 33 38 55 16 4 7 30 15 54 37 20 12 45 46 14 6 42 11 3 19 22 49 50 43 52 5 21 32 2 17 8
28 23 40 49 19 6 22 32 21 31 53 41 36 2 5 50 17 18 27 37 25 42 52 12 39 1 48 3 20 4 7 55 26 44 51 34 11 46 9 8 10 54 33 14 15 30
29 30 42 46 39 6 35 12 4 52 51 15 53 3 21 2 17 9 23 28 5 20 45 22 24 50 11 27 8 55 47 43 37 41 10 26 48 40 34 54 16 44 14 49 25 1 36 18 19 56 38 32 31 7 33 13
30 29 3 40 41 6 18 34 1 45 5 52 38 42 13 28 46 35 31 25 21 36 50 14 17 47 15 32 26 48 23 2 55 33 39 16 11 24 44 10 22 19 53 27 8 49 51 12 20 4 43 37
31 35 32 54 28 34 9 22 44 30 20 38 29 8 49 23 17 4 11 52 12 3 10 46 47 15
32 31 35 19 6 36 27 3 17 4 33 22 28 42 2 13 45 12 50 16 25 39 38 9 37 11 53 30
33 34 24 7 39 56 36 47 37 2 8 38 51 1 26 41 6 5 42 23 20 19 11 35 21 16
34 33 32 29 40 10 8 3 12 38 50 36 25 42 14 44 21 56 54 7 1 24 49 18 28 19 26 16 2 31 46 23 4 37 5 47 41 13 6 22 30 9 55 27 45 51 17 15 35 43 53 39
35 31 32 26 12 20 3 18 27 53 29 15 4 34 36 2 28 43 51 46 10 56 25 41 22 37 19 17 8 33 55 39
36 37 19 25 52 31 12 1 23 11 7 48 27 39 54 43 30 21 49 13 18 10 40 51 17 26 50 32 44 53 35 42 38 22 4 47 6 20 3 56 46
37 36 42 24 3 55 18 2 56 48 26 21 14 39 51 16 5 20 40 45 33 32 1
38 40 36 50 23 43 11 22 28 12 15 13 35 47 16 14 45 56 44 8 54
39 42 41 3 48 15
40 38 44 22 14 8 15 1 37 45 29 33 34 19 35 24 30 26
41 39 42 34 30 32 10 25 23 24 47 35 40 45 29 38 44 28 21 27 13 54
42 39 41 22 1 44 34 46 15 9 5 3 14 21 27 17 52 26 28 12 10 45 7 20 36
43 48 45 40 13 26 28 34 52 4 44 46 21 6 42 47 10 23 37 2 3 32 33
44 49 36 10 37 30 8 21 17 33 56 41 18 3 46 38 1 25 5 53 4 14 45 6 42 40 11 52 29 51 27 39 55 48
45 48 43 47 26 46 30 28 17 40 18 5 20 53 22 8
46 47 25 24 10 9 40 22 39 49 56 52 12 55 21 43 16 50 42 18 4 41 13 28 1 7 11 36 44
47 46 3 7 43 31 48 5 6 40 8 51 19 41 32 37 39 56 55 53 22 1 10 12 38 18 26 45 23 35 16 25 9 17 13 11 42 54 34 4
48 43 45 29
49 44 7 9 21 13 30 54 26 56 35 40 55 29 23 8 4 36 42 12 20 24 15 33 37 22 17 28 31 5 11 19 1 53 18 32 6 34 2 14 27 16 10 41 39 50 47 38 43 3 48 25 45
50 51 20 54 47 26 39
51 50 42 16 8 27 55 12 56 47 19 53 45 26 31 6 15 37 30 29 5 40 52 4 13 35 18 48 43
52 54 53 49 55 4 44 6 29 37 43 39 32 51 20 3 9 19 14 16 23 36
53 52 54 42 45 12 48 18 17 2 6 9 16 31 55 25 30 28 14 24 29 13 47
54 52 53 19 18 48 16 46 33 56 14 25 38 32 2 26 20 47 17 23 4 35 1 10 43 9
55 56 13 8 15 54 38 36 35 53 51 30 43 28 29 14
56 55 44 14 49 16 52
