84
1 6 4 73 43 70 59 17 14 9 64 15 44 19 27 80 13 62 22 8 16 46 72 42 54 53 35 30 75 63 67 12
2 7 38 22 34 52 23 12 79 48 35 31 20 33 74 41 29
3 5 58 44 52 68 77 24
4 6 1 38 40 52 44 37 62 24 72 78 69 80 28 39 67 53 71 73 74 21 57 41 31 68 13 61 2 10 35 76 30 18 79 36 51 60 83 5 20 55 29 45 12 70 48 8 7 84
5 3 35 30 53 76 22 14 23 13 26 8 18 12 46 33 72 17 43 27 25 56
6 1 4 74 79 19
7 2 53 47 24 32 21 8 65 30 66 11 26 72 58 16 70 78 59 54 25 15 29 41 71 76 51 82 68 48 12 57 17 56 23 10 62 31 52 20 6 43 73 14 67 79 13 18 1 44 22 3 40 35 45 49 5 34 69 4 81 39 28 80 77 84 55 50 42 60 36 27 46 33 19 9 75 38 64
8 13 9 27 10 18 69 19 37 7 76 29 39
9 13 8 32 63 64 41 5 38 70 6 50 81 31 80 77 54 47 23 52 48 11 44 7 39 20 62 82 71 35 40 34 19 83 51 14 17 69 84 24 65 72 10 37 73 26 4 59
10 11 5 19 44 83 43 55 38 24 3 23 9 37 21 16 42 2 73 39 81 47 53 51 48 76 84 26 77 50
11 10 14 8 66 64 12 82 54 71 56
12 14 70 19 38 34 62 40 55 45 71 33 22 54 4 21 30 9 35 78 68 13 58 24 59 28 61 67 82 47 46 6 83 44 49 10 11 52 81 20 36 74 65 42 66 8 31 17 23 63 77 32 39 37 2 64 80 16 56 72 27
13 8 9 33 25 72 46 11 15 36 47 3 1 20 28 35 23 7 77 14 44 12 45 51 74 34 84 78 40 65 37 2 68 61 30 6 54 81 58 57 26 5
14 12 47 74
15 19 17 18 79 62 48 46 1 26 14 68 69 80 5 24 16 8 35 47 13 30 22 34 41 39 45 83 25
16 20 4 77 82 28 52 5 25 78 58 51 14 36 71 72 11 26 80 37 67 76 23 30 54 39 43 65 31 32 57 55 48 38 63 56 42 2 53 21 66 62 74 59 13 47 41 22 24 18 15 17 68 10 60
17 19 15 22 84 18 37 35 29 49 52 28 42 6 47 68 3
18 21 33 55 28 74 66 46 22 73 11 32 6 81 9 52 29 82 37 2 69 50 65 23 27 57 34 67 84 45 20 47 8 48 58 30 72 7 54 41 49 83 16 53 51 10 70 17 79 78
19 15 17 75 25 60 83 18 77 55 32 39 46 73 64 34 33 71 69 3 11 24 66 5 16
20 16 45 70 62 73 77 71 78 41 4 47 46 66 36 5 59 53 58 10 3 27 81 37 69 49 83 65 30 80 82 44 48 8 24 68 14 7 15 32 39 33 40 18 38 6 42 76 79 64 72 50 51 57 54 19 52 35 22 67 23 11 17 55 25 29 56 84 12 21 34 60 61 1 28 75 43
21 18 81 1 69 84 15 19 67 17 54 12 52 66 46 24 38 73 33 62 77 40 71
22 27 37 40 56 73 74 32 84 66 65 69 15 2 57 49 24 79 33 8 38 39 58 52 67 26 18 41 42 7 60 11 20 16 25 36 13 21 4 23 77 29 59 43 71 53 14 82 76 3 51 10 1 62 50 61 55 80 68 30 83 81 28 78 63 47 44 5
23 25 28 19 80 5 40 46 11 56 70 68 47 15 73 54 39 57 41 49 75 30
24 26 56 22 17 34 23 43 33 8 80 29 35 68 76 58 25 7 50 30 18 1 52 5 45 65 54 38 13 82 67 64 44 63 78 6 31 60 36 71 19 61 79 28 37 15 84 81 62 72 27 75 69 42 3 2 12 4 70 14 59 39 16 57
25 23 28 12 37 59 49 16 7 78 44 43 15 72 42 19 30 66 75 10 84 32 47 45 48 8 56 41 83 54 53 26 21 55 11 6 35 40 29 61 14
26 24 64 84 2 68 18 72 15 48 20 65 50 46 44 32 4 28 70 83 61 57 55 62 78 60 41 29 56 3 79 58 11 66 52 54 76 25 53 22 30 17 33 43 42 45 77
27 22 65 60 26 72 25 42 76 14 64 4 45 11 71 12 61 38 49 66 77 40 8 10 41 39 68 53 67 1 48 21 46 5 23 78 82 9 18 15 19 47 6 54 13 80 32 56 63 3 44 69 52 55 30 33
28 23 25 79 83 73 35 70 8 41 53 47 40 27 77 60 26 18 61 51 67 10 37 56 32 44 30 3 13 22 14 74 45 43 66 11 42 50 39 7 76 4 1 75 58 9 80 19 20 6 72 78 59 81 24 64 57 62 34 38 36 31 16 49 5 69 71 82 68 65 2 12 84 15 21
29 35 46 22 74 6 81 64 18 57 28 54 66 45 58 27 8 32 5 50 36 69 20 67 77 31 17 73 37 39 78 33 38 34 40 14 2 53 15 68 79 42 60 65 48 49 62 7
30 34 32 47 37 24 75 1 19 71 6 5 9 55 41 10 63 72 69 38 40 20 50
31 33 34 61 67 14 55 84 7 83 10 58 22 65 57 43 73 66 38 60 17 20 9 62 36 16 18 29 3 82 80 72
32 34 30 83 9 7 36 72 12 27 25 62 70 47 80 59 23 31 56 28 17 53 39 67 61 42 45 22 41 19 76 49 78 11 18 58 37 54 5 82 84 29 13 20 35 66 2 65 79 8 16 63 51 26 38 68 69 77 44 21 73 48 52 43 46
33 31 61 5 43 45 41 19 60 38 17 48 69 15 16 58 46 37 13 20 26 28 24 53 29 50 83 49 1 68 27 71 79 4
34 32 30 46 78 25 53 83 14 10 54 33 29 82 40 50 56 57
35 29 39 57 51 42 84 18 65 68 76 62 8 52 67 59 54 9 50 64 73 69 26 40 25 81 58 14 24 28 77 34 22 3 83 45 75 32 46 37 30 63 31 70 82 71 48 20 47 60 78 6 27 2 61 56 1 49 41 17 23 55 13 38 11 79 36 16 66 7 43 12 4 15
36 37 41 19 70 21 22 16 33 24 31 82 84 27 63 23 68 81 61 4 71 13 15 60 72 44 5 77 39 10 50 51 28 34 49 73 35 14 64 47 8 57 75 17 69 80 42 6 59 1 65 43 56 25 67 20 52 76 9 53 30 29 55 7 3 2 66 78
37 41 36 15 14 48 55 46 68 29 52 8 61 73 39 17 5 22 27 10 4 62 11 80 40 26 13 82 9 34 7 76 30 71 49 60 56 50 81 3 69 19 23 75 20 38 59 79 74
38 39 21 14 68 83 4 16 75
39 38 16 78 54 79 48 12 50 52 77 53 40 63 41 64 81 20 51 35 70 23 30 9 13 28 42 29 56 55 34 72 69 84 37 45 32 5 33 80 76 14 1 49 3 82 71 58 66 18 25 27
40 42 31 75 80 35 79 68 38 66 77 67 55 45 78 63 59 39 33 51 6 32 48 8 16 84 37 71 72 82 52 15 29 27 58 57 50 73 4 13 7 62 64 53 36 21 76 18 28 46 12 24 11 1 44 14 30 17 56 70 54 34 25 19 43 2 81 83 5 26 3 49 74 22 60 47 65 10 9 69 61 41 20
41 37 36 6 53 70 12 68 76 65 30 23 7 38 2 44 25 75 3 26 67 52 40 64 69 17 13 29 57 31 62 27 9 1 58 11 24 83 4 45 51 79 14 46 22 28 71 78 77
42 40 41 74 6 13 55 70 12 22 63 25 39 17 3 49 31 59 61 16 26 73 24 15 43 58 77 21 67 65 9 75 76 51 23 71 37 11 54 81 79 30 47 38 48 32 33 29 34
43 48 49 76 83 9 40 5 16 59 14 38 3 27 58 55 28 31 23 21 15 20 34 30 61 47 69 52 44 22 7 17 82 77
44 45 25 13 41 66 82 39 62 36 81 69 35 64 9 32 18 38 22 49 46 56 47 76 51 55 73 72 28 59
45 44 26 3 10 58 42 77 2 28 69 9 53 80 68 35 60 64 31 27 63 72 20 84 49 15 14 51 66 48 82 12 70 74 21 41 1 18 34 39 17 47 25 54 55 57
46 47 34 72 6 80 28 18 68 43 71 42 79 66 55 67 83 37 29 13 2 5 16 82 60 20 36 44 31 51 84 8 62 10 73 11 50 56 53 17 70 14 58 61 21 41 81
47 46 21 17 61 24 58 25 55 13 83 26 73 33 10 23 68 8 40 80 7 3 12 28 6 49 18 32 15 35 5 39 74 20 52 22 41 45 71 50 72 59 48 53 78 4 66 69 9 51 29 81 76 77 31 57 42 82 38 70 79 67 44 36 27 37 60 34 64
48 43 49 71 37 55 45 24 34 64 9 77 21 46 62 36 7 75 76 2 29 31 12 73 40 27 67
49 48 43 36 11 18 19 45 78 1 74 6 46 12 22 39 64 27 82 2 51 10 52 62 7 67 53 65 76 5 20 41 16 80 17 58 40 79 35 44 84 32 66 25 38 57 69 56 21 60 23 4 73 30 24 77 59 71 9 8 14 28 68 13
50 52 53 58 76 43 15 39 25 3 10 55 17 75
51 55 1 18 59 45 11 70 24 34 19 31 58 15 68 43 77 2 79 76 26 78 37 21 72 36 67 54 27 48 33 44 52
52 50 53 17 74 26 18 56 45 8 6 3 33 58 71 72 79 84 39 10 5 78 43 76 77 66
53 50 52 4 37 44 65 73 13 3 72 43 45 25 59 47 34 62 36 35 80 71 22 42 38 82 1 78 60 69 75 54 30 81 83 76 70 18 48 24 49 68 55 11 7 40 21 57 27 12 58 64 23 67
54 56 16 19 6 69 15 49 50 30 34 2 57 18 83 17 52 47 63 73 65 46 25 81 22 75 24 36 66 21 48 32 68 3 7 37 82 9 76 11 8 31 59 84 64 40 38 79 1 72 44 35 70 71 23 62 78 4 10 33 60
55 51 29 62 7 8 33 56 82 42 27 74 61 34 75 58 48 3 22 2 5 77 24 31 13 12 47 10 44 83 41 84 38 81 4 64 73 43
56 54 9 60 5 28 82 41 40 50 23 84 57 80
57 61 35 7 51 58 69 66 83 18 60 27 21 24 4 75 71 67 55 32 39 74 15 8 6 53 44 80 77 17 47 63 11 9 52 50 40 54 5 81 42 30 68 45 2 34 73 29 84 41 1 20 38 16 36 82 56 48 76 72 31 33 62 28 79 78 12
58 59 60 82 9 45 31 30 50 79 22 80 14 74 38 12 62 46 63
59 60 58 83 53 4 35 63 50 12 28 73 24 5 68 39 33 11 19 79 46 41 66 2 82 71 56 23 15 14 54 47 75 30 27 22 80 17 13 48 45 62 76 42 69 43 78 6 61 8 16 20 21 7 37 65 10 18 67 32 84
60 59 58 7 57 21 25 84 31 18 51 38 49 55 53 3 50 79 48 16 52 29 77 4 46 5 65 78 35 33 68 44 64 6 74 32 61 27 12 72 17 80 66 8 23 56 75 41 83 20 22 76 81 30 13 39 36 11 62 43 73 82 69 34 9 40 70 2 37 28 71 24 42 19 15 14 47 63 67 45 1 54
61 57 13 82 43 80 84 41 53 4 56 12 19 47 46 8 34 44 42 5 70 32 22 20 39 37 16 50 78 77 21 1 73 54 71 11 24 40 68 69 35 76 25 60 52 29 2 31 18 64 49 83 17 33 27 10 67 81
62 63 74 41 38 65 52 5 57 42 44 66 45 2 64 46 4 81 71 78 31 8 79 48 54 21 10 51 32 20 55 36 24 23 34 26 82 37 73 84 12 16 27 68 58 59 56 30
63 62 78 50 2 5 19 57 39 29 53 26 23 67 55 56 51 84 80 82 16 37 7 61 13 68 3 59 32 46 15 24 14 73 10 40 12 44 43 71 66 52 36 54 45 33 76 28 27 11 20 70 81 58 74 9 25 77 6 41 83 60 1 35 42 47 18 31 4 48 38 30 69 8 64 22 17 65 72
64 67 70 74 7 16 18 24 44 37 41 51 84 25 60 66 78 50 39 71 45 6 77 82 19 13 26 32 29 31 34 49 54 46 17 56 55 22 62 3 11 8 73 63 83 20 76 36 4 40 35 68 9 47 10 57 28 48 14 52 79 2 1 80
65 66 15 16 54 2 4 10 7 36 17 30 21 67 33 29 37 14 32 44 79 84 48 19 13 53 34
66 65 59 31 74 36 24 64 72 79 27 52 68 43 42 69 48 73 54 12 23 26 20 77 38 14 41 29 75 16 17 3 56 63 53 45 62 40 11 18 22 10 8
67 64 70 51 1 73 53 8 60 78 26 58 55 25 15 23 54 9 84 7 33 20 3 74 83 43 80 72 76 48 57 34 40 28 30 17 61 24 77 79 45 71 6 14 63 66 29 36 75 27
68 69 30 79 73 18 1 82 38 45 42 75 64
69 68 77 21 26 29 71 72 11 3 30 43 76 84 28 19 80 42 46 33 10 74 50 9 44 14 38 83 39 16 40 49 55 81 12 57 17 6 47 54 7 32 56 82 36 4 37 13 5 2 67 8 66 23 31 41 18 52 59 79 58 51 45 73 25 27
70 64 67 49 83 11 14 17 7 22 33 1 60 43 38 26 73 36 23 82 61 78 37 46 72 51 13 40 32 42 47
71 76 75 15 20 77 29 7 14 60 25 55 35 46 33 41 12 47 32 36 64 31 80 62 66 11 17 26 44 63 24 19 54 57 68 83 8 65 61 67 72 81 23 5 49 37 4 27 48 53 13 56 45 52 78 79 3 2 74 28 9 43 22 40 18 42 30 84 70 73 69 59 50 38
72 77 70 45 17 7 48 44 80 59 20 29 50 68 14 23 73 81 43 34 8 39 74 82 53 18 76 38 26 37 65 11 66 83 61 60 19 55 56 5 75
73 74 63 13 72 34 48 24 12 47 75 81 23 67 69 22 42 84 51 78 36 19 68 3 2 29 49 61 11 18 17 39 43 32 26 56 77 25 37
74 73 12 19 53 14 76 42 10 77 84 18 48 21 83 25 47 38 39 62 15 54 31 20 34 60 35 46 55 49 66 45 32 79 16 37 28 51 82 65 67 57 1 72 40 5 78 26 11 3 56 71 13 41 52 80 68 44
75 76 71 77 47
76 71 75 74 58 9 51 3 48 4 70 12 35 29 41 81 65 68 13 55 8 25 20 32 67 19 53 14 49 57 83 64 40 59 22 7 15 5 17 84 37 52 1 18 23 73 77 50 36 61 80 44 11 39 38 56 46 21 27 24 82
77 72 27 43 73 54 66 14 5 6 33 37 24 16 63 10 11 78 36 45 83 9 53 75 18 71 70 29 81 76 48 52 30 55 28 35 44 46 23 12 61 2 1 8 38 22 3 25 84 7 39 34 41 79 82 20 59 69 60 19 62
78 82 1 81 5
79 81 80 33 45 17 48 1 22 50 26 82 29 20 11 59 47 28 27 44
80 81 79 4 24 44 29 30 63 31 53 26 75 38 67 2 25 35 69 6 61 33 56 10 72 19 41 60 27 47 66 11 48 15
81 80 79 37 42 49 76 3
82 78 7 12 46 55 83 27 45 17 2 73 63 23 39
83 84 60 75 23 77 11 38 26 22 76 71 27 47 52 53 54 1 37 50 49 14 29 80 8 25 59 21 12 2 62 15 79 67 31 69 39 46 65 42 55 58 68 36 5 9 57 74 32 28 40 66 16 64 70 41 10 33 44 43 7 30 72 19 51 35 61 82 4 6 34 18 3 81 20 24
84 83 9 82 15 62 59 80 58 79 53 74 11 5 16 28 60 20 41 6 37 64 63 51 26 31 38 34 52 75 2 50 33 65 14 24 40 35 13 46 78 42 29
