35
1 5 3 16 10 2 35 24 32 22 11 14 20 7 9 12 26 30 28 34 17 18 15 31 6 23 25
2 6 29 35 34 14 8 9 1 30 32 21 24 31 19
3 5 1
4 7 23
5 1 3 31 28 33
6 2
7 4 18 1
8 11 5 29 12 33 23 13 6 34
9 14 10
10 9 14
11 8 34 5 18 19 4
12 13 29 9 20 6 5 19 4 18 35 23 10 22 15 34 30 28 7 25 21 3 17 27
13 12 5 10 29 19 34 7 24 20 16 2 17 14 1 23 31 3 21 30
14 9 10 30 21 24 19 8 1 31 26 13 4 7 25 18 22 28 3 15 32 17 29 34 11 35 27 5 20 2
15 17 18 23 2 26 14 20
16 21 32 1 34 24 15 10 6 27 2 33 17 5 26 8 29 9 20 14 13 19 11 12 3 35
17 15 18 12 25 20 26 5 23 32 6 34 22 4 9 27 31 19 16 30 11 8 1 29 10 24 21
18 15 17 6 3 35 24 27 20 29 21 16 25 22 10 33 2 1 12 32 19 5
19 20 30 24 25 3 4
20 19 27 32
21 16 26 4 35 3 2 8
22 28 34 11 14 32 6 17 31 21 7 10 27 13 25 29 35 30 20
23 24 27 35 3 7 20 18 21 13 10 12 5 2 14 8
24 23 27 13 8 25 3 22 11 30 20 18 6 9 4 19 7 10 5 28 31 32 26 12 29 35 21 14 34 1 15 16 2
25 26 9
26 25 13 34 7 21 33 22 27 14 16 11 28 35 5
27 23 24 19 5 18 21 15 9 22 2 29 6 31 17 8 11 32 20 30 33 25
28 22 17 15 18 10 5 30 13 4 26 21 6 33
29 34 33 32 16 11 19 15 28 6 10 25 1 23 30 35 4 14 17 20 18 26 9 13
30 32 2 16 13 3 15 9 1 27 29 20 5 31 12 23 26 18 10 22 35 28 14 33
31 35 30 21 25 6 26 23 29 17 28 11 3 24 33 8 13 10 22
32 30 27 26 25 29 10 23 28 12 3 5 22 35 7 24 18 8 2 11 9 13 31 20 14 1 33 4 21 15 16 6
33 34 29 9 22 30 11 25 4 6 10 8 31 28 20 35 12 19 17 3 7 16 23 24 14 2 15 13 27 21 32 5 1
34 33 29 16 12 10 15 7 20 26 25 13 18 11 9 35 6 14 22 3 27 2 24 31 23
35 31 13 33
