112
1 6 5 93 24 10 92 4 102 58 19 21 40 100 50 68 79 23 96 9 39 101 95 70 110 47 84 83 85 72 35 81 98 45 31 48 56 33 15 29 52 20 51 71 62 41 66 53 28 27 42 12 69 32 38 87 107 108 74 64 82 11 2 76 3 65 97 14 77 26 109 17 106 73 16 88 67 37 30 104 54 43 22 7 75 80 57 90 61 89 44 63 13 55 86
2 7 82 15
3 4 57 62 94 97 92 98 2 91 1 19 74 16 100 88 7 102 86 55 22 24 82 61 89 75 11 72 13 39 33 51 28 112 46
4 3 13 95 88 110 80 83 68 37 69 48 96 46 84 31 70 43 28 22 61 36 85 54 32 71 53 89 14
5 6 1 53 62 94 55 68 24 21 100 83 74 36 76 18 106 12 26 105 69 79 82 88 112 29 50 95 101 91 61 51 80 45 37 102 27 4 103 75 87 66 81 3 14 57 111 35 107 89 90 98 48 13 44 58 86 56 110 11 59 41 93 73 31 16 2 63 84 23
6 5 1 34 71 103 37 85 105 101 100 13 29 36 55 97 99 49 60 72 77 24 48 50 35 38 112 3 111 107 74 4 102 53 41 17 98 89 108 80 23 56 76 84 62 95 65 33 12 20 109 30 44 91 93 59 81 96 75 42 7 39 73 10 8 63 43 9 57 16 88 51 86 67 46 21 66 78 52 28 58 47 14 45 70 31 25 69 87 18 68 82 104 83 11 54 64 26 2 92 106 32 27 79
7 2 77 11 9 111 56 31 94 58 27 102 43 5 53 29 57 25 21 73 90 70 50 78 67 87 38 6 109 14 97 32 13 84 69 42 103 59 41 91 40 51 26 18 110 112 79 92 89 82 48 1 55 107 96 39 23 75 76 16 44 99 63 81 108 64 85 62 98 65 3 12 33 20 22
8 11 3 102 6 91 78 61 26 22 59 30 70 75 76 49 93 53 62 48 38 47 92 39 14 45 28 90 87 31 66 68 111 64 79 77 55 86 15 80 99 74 73 71 108 82 58 34 67 107 103 89
9 14 10 37 75 88 52 41 62 35 50 40
10 9 14 75 106 58 91 3 48 26 79 68 99 51 50 109 11 83 85 22 52 60 41
11 8 75 98
12 13 93 87 27 52 11 94 105 65 17 59 43 20 42 58 83 21 67 92 101 68 110 64 102 10 55 95 23 107 73 34 32 111 9 89 109 70 8 22 96 103 98 84 91 106 77 72 108 85 56 112 26 51 66 28 62 37 57 97 88 35 48 31 82 3 49 79 53 24 50 46 2 99 74
13 12 73 52 28 100 25 2 92 75 22 34 109 56 35 15 67 31 55 82 111 46 5 21 98 9 84 53 71 49 99 17 69 48 40 54 76 62 101 97 36
14 9 10 59 25 69 96 35 31 50 56 77 87 45 44 99 1 21 48 65 71 8 62 108 37 61 78 27 64 102 18 91 111 28 79 86 54 110 66 104 24 34 49 32 101 107 88 33 16 76 12 13 30 103 85 67 83 11 36 72 98 26 51 90 82 20 2 29 3 70 47 58 19 23 68 100 60 75 52 6 15 53 94
15 19 21 74 13 64 54 35 39 31 56 94 59 57 61 40 68 9 92 111 104 18 11 52 53 44 70 76 65 34 51 63 106 88 5 101 102 3 25 81 20 27 96 43 72 69 12 80 17 62 78 93 112 32 85 87 66 7 55 83 100 89 50 38 90 24 98 2 26 45 49 48 79 103 95 22 16 58 60 108 47 41 36 1 97 67 37
16 17 33 19 8 47 52 87 99 40 11 76 22 90 15 31 109 100 92 38 72 94 34 35 70 106 75 14 7 42 93 66 102 49 27 91 69 26 67 88 3 25 24 46 23 5 84 78 108 101 10 18 60 44 29 57 98 9 89 73 107 63 41 77 68 80 71 43
17 16 52
18 20 76 43 11 92 91 64 103 112 33 80 83 44 68 36 81 24 31 8 89 39 6 58 40 101 12 88 84 105 62 46 15 48 67 3 37 30 47 4 7 75 106 13 53 93 59 50 104 97 57 14 35 66 2 99 96 74 21 10 69 16 79 108 45 65 111 82 27 90 51 9 100 110 34 102 23 63 49 98 22 71 54 73 52 38 55 77 94 19 32 60 61 17 86 109 26 29 107 85 28
19 15 21 11 48 79 66 45 63 53 10 32 39 34 64 8 52 44 77 76 88 38 7 61 14 36 94 105 107 31 60
20 18 66 29 93 60 72 8 14 27 64 32 24 50 42 97 107 26 106 82 108 112 22 33 39 54 88 53 110 89 40 62 51 23 41
21 15 19 109 70 50 110 102 55 95 91 107 59 23 28 49 96 54 45 64 97 100 26 43 34 36 33 17 68 25 71 77 103 8 72 82 56 53 111 48 93 41 67 81 61 63 31 106 112 29 13 52 74 62 98 44 105 92 39 38 11 4 66 86 65 20 42 79 2 18 3 7 101 73 89 87 30 83 12 76 5 35 16 84 27
22 23 16 38 97 109 85 103 57 60 93 54 1 81 51 6 47 10 70 65 107 90 74 69 59 27 50 46 44 39 72 76 20 42 91 25 83 73 88 31 58 55 80 2 11 36 35 30 43 28 48 67 77 37 61 7 68 101 110 24 3 95 29 41 8 63 66 102 75 19 92 108 71 112 100 9 78 26 111 82 89 79 34 96 84
23 22 110 52 11 53 107 81 106 60 41 42 27 62 33 26 90 88 4 109 84 12 15 112 20 59 30 69 3 72 100 38 17 87 94 82 6 10 58 43 56 55 48 34 79 18 86 99 83 74 96 47 46
24 26 102 106 96 89 44 100 31 77 94 1 78 108 88 97 6 8 101 58 86 57 47 61 107 84 17 52 7 16 35 103 71 59 63 48 90 50 39 64 33 76 15 32 75 40 110 73 87 20 82 104 105 41 4 38 36 74 29 34 112 54 56 51 83 9 69 19 46 2 68 45 93 109 95 18 62 14 30 70 111 65 12 21 13 42 25 23 66 37 79 27 5 55
25 27 28 56 103 69 78 64 43 19 106 112 3 77 110 63 98 66 38 9 85 8 80 91 83 46 17 75 35 84 52 102 71 74 58 31 21 10 73 97 7
26 24 94 90 21 52 37 112 67 95 19 35 111 78 44 58 39 12 77 84 60 14 59 91 61 45 27 76 56 87 53 104 73 54 33 79 103 71 82 109 16 92 11 86 98 41 1 47 110 5 63 97 2 6 51 75 15 85 7 20 17 57 43 36 80 68 25 89 30 96 72 40 32 100 93 8 38 4
27 25 28 83 100 10 5 45 4 14 59 63 86 62 11 50 60 112 24 75 91 52 34 109 43 101 22 58 82 92 37 21 29 48 64 13 40 44 74 39 47 72 3 88 6 41 78 97 33 31 102 42 54 1 105 84 96 9 12 17 38 49 36 15 95 93 81 7 65 71 61 98 23 8 107 79 106 85 66 108 69 56 32 87 18 53 80 77 70 30 35 46 89 110 55 104 76 57 19 99 73 103 94 26 16 67
28 25 27 26 64 33 106 63 15 84 82 31 16 69 65 37 94 70 18 68 54 22 75 74 29 86 102 7 38 53 71 5 4 110 49 66 100 44 67 77 93 23 48 73 50 61 105 99 58 43 111 39 57 1 80 95 24 17 10 88 85 32 40 89 81 72 45 12 92 59 19 11 101 87 97 14 60 34 91 62 90 56 46 8 107 36 98 30
29 35 30 26 3 8 93 48 6 107 53 12 99 108 25 49 28 75 59 103 109 58 18 39 50 85 33 32 90 43 64 65 94 9 54 76 1 78 13 24 83 80 73 5 67 70 37 40 74 4 96 47 34 15 92 36 21 69 11 60 45 19
30 35 29 92 66 11 108 25 37 93 38 105 50 88 67 17 99 68 84 71 106 41 1 16 18 56 28 9 45 8 94 64 4 78
31 34 55 99 87 18 30 86 32 45 9 106 69 98 103 46 67 61 88 80 62 73 3 75 50 47 64 104 49 39 71 51 107 42 63 40 109 76 93 17 33 112 72 68 96 25 89 92 8 10 108 44 52 29 36 14 65 77 23 94 66 28 43
32 33 91 99 95 105 89 17 20 53 10 14 68 55 108 62 47
33 32 48 111 67 71 23 87 59 38 68 24 27 37 102 43 8 14 64 42 86 95 36 79 3 66 9 22 46 83 98 39 73 28 103 106 47 20 31 62
34 31 19 95 23 80 25 46 26 107 39 15 16 68 22 89 18 88 59 73 2 96 99 49 72 52 40 55 29 91 70 102 56 92 54 98 13 10 63 9 6 62 94 28 64 42 74 112 65 106 24 21 27 86 11 36 111 38 101 4 51 78 32 35
35 30 29 82 105 102 2 14 70 62 13 42 4 45 92 8 109 104 79 64 10 72 100 3 84 75 74 67 17 50 95 48 32 68 60 1 111 98 19 15 76 91 34 23 86 99 25 16 41 39 81 27 73 6 26 47 106 18 43 61 38 11 53 31 36 40 110 12 71 69 49 108 96 112 56 83 54 107 21 28 66 80 101 88 78 52 59 22 58 46 85 97 37 89 20 5 90 33 87 94 51 7 57 77 65 44 63 93 9 103 55
36 38 42 10 45 76 105 24 86 37 95 99 8 49 58 94 78 16 71 17 103 70
37 41 29 4 32 64 84 83 6 82 7 96 3 26 11 80 50 21 8 58 85 103 94 75 108 27 55 43 81 13 110 47 25 59 9 19 5 44 1 101 53 20 40 63 77 105 68 69 104 111 52 98 89 14 61 2 34 54 60
38 36 42 63 91 5 16 109 25 18 93 26 19 35 97 29 60 7 99 72 79 31 68 65 61 111 11 53 48 92 30 104 56 105 64 78 24 45 3 112 90 17 80 67 76 102 37 59 39 34 75 54 4 70 22 40 27 74 58 95 106 57 98 84 49 1 10 13 28 77 96 55 110 20 14 81 100 52 88 107 50 46 87 33 86 8 103 12 73 43 83 62 21 2 47 9 89 44
39 40 24 90 27 9 100 92 37 104 57 72 49 11 48 88 28 42 45 108 106 66 52 61 55 68 67 53 34 3 14 87 1 25 44 32 13 2 20 17 59 79 60 26 63 38 64 109 31 83 75 30 4 29 7 112 95 16 47 23 110 80 71 19 111 58 82 78 97 94 96 85 8 103 54 70 10 46 93 22 51 101 98 74
40 39 45 57 80 71 35 81 50 32 111 95 110 93 90 30 44 65 58 87 94 15 112 42 9 12 1 102 97 11 78 25 108 27 56 33 51 75 67 105 61 3 36 100 63 107 55 69 96 54 60 101 22 6 52 64 85 79 86 24 31 68 26 13 83 62 19 92 53 103 48 14 99 82 70 18 21 2 34 76 98 72 49 4 29 41 66 74 23 5 28 59 43 47 20 37 84 104 46 38 16 17 10 8 109
41 37 17 95 111 97 5 23 55 45 99 39 11 28 106 36 86 7 109 19 50 26 27 42 69 47 6 80 34 44 13 60 100 93 68 22 43 105 91 83 76 29 88 12 82 3 51 58 87 21 59 38 24 81 25 4 104 74 89 101 56 103 52 77 90 96 48 73 84 2 94 92 64 98 63 70 107 78 15 112 30 62 1 8 66 102 57 61 20 110 108 75 14 67 33 18 32 40 16 79 46 49 85 10 72 65
42 38 36 53 8 18 56 20 76 104 69 68 83 12 77 21 26 63 33 110 55 96 27 67 78 11 91 15 58 95 99 94
43 45 82 46 112 31 103 30 16 100 76 83 91 65 2 40
44 47 60 45 24 67 93 89 94 106 37 52 62
45 43 19 99 40 3 17 78 28 50 39 29 35 80 75 57 38 8 94 27 61 89 23 84 31 111 30 41 95 97 74 51 86 77 101 100 109 56 12 24 66 79 48 64 58 88 69 20 59 33 68 72 14 102 1 76 32 10 112 70 106
46 49 48 71 13 53 65 19 12 110 94 63 52 106 72
47 44 81 16 85 97 13 102 71 41 34 98 57 28 15 40 26 82 89 79 3 107 103 5 39 46 99 108 75
48 46 49 95 96 69 24 10 75 89 59 111 7 62 104 35 47 27 23 70 103 4 38 97 56 31 19 108 43 92 80 3 66 81 105 29 9 94 79 22 11 45 107 28 102 78 41 58 60 5 86 73 63 55 74 20 2 57 82 64 50 101 110 6 98 112 84 65 100 18 1 54 12 53 33 15 25 34 67 99 16 77 87 61 109 36 37 14 51 68 88 91 17 85 40 83 21 8 30 32 42 26 13 106 72 76 44
49 46 48 60 71 64 98 33 86 23 70 83 72 80 69 34 108 61 97 1 58 22 3 5 21 79 8 32 12 100 104 50 105 85 57 63 76 31 92 52 55 42 13 39 45 37 99 101 40 91 96 89 44 6 95 19 7 35 11 66 17 54 41 9 111 84 51 4 47
50 52 51 26 56 30 106 27 99 60 12 79 58 33 11 57 61 78 19 63 107 14 49 9 20 82 81 17 94 65 3 80 35 16 47 67 66 8 73 4 44 88 37 71 55 32 77 45 111 96 90 41 53 98 87 91 89 24 69 22 97 70 39 10 54 83 18 38 23 72 76 7 74 95 42 110 62 103 59 15 64 109 2 102 31 112 21 105 104 1 48 13
51 52 50 109 2 40 9 76 91 20 41
52 50 51 91 39 83 22 12 7 33 103 43 42 75 67 49 34 87
53 56 74 8 81 88 11 14 94 2 45 48 9 107 87 103 111
54 55 1 25 45 7 73 100 47 70 37 52 75 84 33 12 101 59 44 74 10 71 53 66 17 11 49 64 90 57 16 38 41 77 103 96 98 78 26 48 31 21 60 23 106 94 19 58 104 105 81
55 54 7 73 53 70 21 19 49 36 5 83 6 65 2 72 16 112 14 31 87 94 82 37
56 53 55 107 4 6 112 10 74 16 57 105 95 101 47 96 67 108 15 14 75 23 22 73 46 77 61 85 37 20 81 45 62 66 100 8 111 52 9 59 72 110 69 28 64 24 27 5 33 42
57 60 3 35 29 81 91 89 98 14 13 102 28 108 26 8 58 83 17 67 111 1 63 96 56 101 109 92 93 112 61 73 30 76 59 74
58 63 59 26 86 17 51 112 111 88 78 22 50 100 84 1 83 91 11 102 52 77 8 55 10 64 3 44 25 2 76 72 54
59 58 63 11 53 108 38 77 21 31 69 52 97 96 28 89 86 100 29 12 33 24 37 84 73 56 55 16 14 10 3 26 47 57 107 46 18 74 41 106 5 87 51 4
60 57 56 95 72 58 19 36 65 102 26 28 15 34 76 93 112 38 43 74 88 59 108 20 31 49 83 10 37 66 51 61 45 23 47 41 62 75 107 42 27 111 81 9 35 100 46 24 92 103 70 106 78 110 14 17 69 79 3 29 52 12 68 89 96 22 97 98 91 6 80 54 67 21 64 84 87 85 30 55 94 77 105 18 109 82 39 33 1 63 11 2 32 86 104 40 8 48 71 16
61 62 92 16 75 100 101 13 88 33 5 106 19 38 44 93 69 41 15 47 94 24 59 36 14 26 97 91 104 42 57 22 23 82 77 11 66 32 51 107 34 49 8 39 67 89 45 76 46 68 84 81 9 72 86 50 111 87 48 3 64 98 112 95 52 85 29 55 70 7 79 102 80 109 83 108 103 6 40 10 20 4 2 105 71 73 74 35 56 60 27 58 53 96 43 65 12 30 78 18 90 37 31 25 28 21 1 99 17 110
62 61 55 80 107 38 105 29 12 91 98 34 48 27 7 100 20 10 106 57 75 66 71 108 59 1 70 58 78 72 99 96 95 47 111 6 4 67 87 50 8 22 52 53 32 3 63 49 2 56 21 109 68 92 81 43 44 86 84 33 104 11 16 14 79 85 69 103 24 17 54 94 23 74 93 5 112 77 110 9 26 18 15 102 28 97 83 88 90 65 82 42 25 30 51 36 40 45 60 13 73
63 58 59 103 42 68 26 88 96 87 7 24 51 11 64 41 35 8 31 14 29 21 85 60 83 37 10 109 111 34 1 61 17 65 108 79 12 33 101 82 89 76 99 15 84 56 2 57 69 80 39 4 44 20
64 70 82 91 24 104 13 86 85 2 78 87 106 92 15 103 34 30 53 72 41
65 68 66 89 81 29 79 86 106 78 57 108 74 35 91 83 9 63 61 41 109 97 90 87 23 72
66 65 68 74 108 7 75 33 10 93 46 57 106 9 73 20 60 96 77 82 31 94 49 112 61 99 32 16 80 54 27
67 69 98 45 94 49 10 12 96 93 83 51 19 102 72 88 11 100 25 14 99 21 52 57 70 71 89 81 105 3 26 73 110 33 35 59 7 92 68 77 108 4 17 103 20 80 34 97 22 18 9 104 37 43 32 58 44 46 50 48 86 90 30 84 2 76 42 106 1 63 64 111 112 38 41 75 54 27
68 65 66 89 77 74 100 50 105 20 110 9 60 48 12 95 90 6 23 39 96 25 8 58 24 55 38 52 111 45 97 106 98 67 5 94 107 53 71 86 19 88 4 14 93 36 46 29 56 63 99 73 85 28 54 59 44 7 75 62 69 37 30 92 11 112 81 79 22 27 47 49 10 42 76 35
69 67 32 15 31 97 73 87 5 107 100 25 85 66 110 103 45 46 91 30 2 23 44
70 64 87 98 18 30 37 90 74 69 12 61 99 31 53 17 86 77 82 22 71 62 81 100 108 46 4 49 6 59 14 33 83 80 38 35 15 67 75 40 96 45 97 88 27 43 24 36 7 25 110 112 2 104 5 26 63 68 28 13 16 105 109 89 20 32 47 91 19 29 34 54 94 44 10 102 60 48 84 11 72 52 41 3 111 107 78 92 106 65 57 55 85 103 9 79 76 58 42 1 93
71 73 77 42 110 47 87 91 98 27 17 22 62 105 39 79 26 5 21 109 88 63 57 2 111 100 107 46 14 81 25 8 82 85 20 7 65 112 90 89 106 10 60 64 67 45 37 9 35 68 43 19 78 40 108 48 70 30 34 66 95 54 56 12 29 103 97 49 50
72 75 70
73 71 77 61 24 103 6 7 53 50 9 5 83 65 8 76 37 58 23 66 96 45 104 38 21 51 54 14 105 75 68 81 86 69 40 88 85 44 101 64 57 72 35 43 59 28 74 20 98 109 49 2 13
74 76 11 34 100 58 56 96 41 87 53 101 103 64 105 77 73 43 46 82 78 67 97 55 111 80 42 95 65 68 21 71 24 91 15 106 40 10 30 14 19 18 35 36 31 107 57 20 1 79 66 86 25 112 75 45 93 104 17 49 54 69 32 2 23 109
75 72 4 71 69 20 12 38 62 80 17 103 46 89 42 88 99 74 39 57 23 13 73 10 77 58 83 94 64 22 96 52 102 76 63 55 67 16 43 32 26 111 101 54 34 79 51 95 37 66 36 19 68 106 109 85 2 87 98 110 5 82 47 70 25 30 90
76 74 17 99 31 14 16 82 69 87 15 19 73 4 20 1 63 37 86 13 30 109 45 79 110 32 5 100 49 67 85 70 46 60 98 2 94 96 105 75 12 81 9 103 38 77 7 24 58 47 53 43 66 112 54 101 22 34 48 61 10 27 55 44 104 83 11 8 6 25 108 52 102 62 92 39 57 23 41 28 65 59 42 97 33 93 89 72
77 71 73 14 1 21 53 37 46 103 102 95 40 24 18 67 15 65 104 26 43 112 28 68 106 96 69 23 82 80 93 54 11 29 10 35 101 61 41 78 64 97 58 86 76 8 36 57 84 62 107 99 87 27 74 108 88 81 91 19 100 42 105 92 85 17 59 111 66 31 63 16 60 79
78 84 74 46 68 88 22 71 80 4 64 28 95 32 26 50 48 40 54
79 81 83 112 80 19 27 28 59 4 63 111 87 55 42 8 92 107 36 52 93 16 58 67 9 62 17 104 61 29 100 25 57 43 7 5 89 97 60 14 109 71 26 22 48 11 72 98 1 49 105 23 10 76 30 33 84 86 44 75 110 46 40 54 70 68 35 99 45 108 41 94 32 101 47 15 96 6 34
80 82 45 106 101 109 31 43 86 78 73 94 17 97 3 70 7 103 39 8 67 57 84 69 33 53
81 79 83 77 20 76 60 84 86 97 70 30 109 107 51 82 27 39 68 111 21 26 90 50 49 52 94 110 67 75 10 54 102 108 33 57 31 48 5 53 45 25 55 35 9 71 42 61 11 32 12 38 43 28 72 89 69 63 64 46 41 22 29 56 8 62 37
82 80 19 16 52 105
83 81 79 12 44 111 57 64 4 24 109 13 19 46 95 112 65 2 51 42 54 37 26 68 107 78 48 110 21 47 63 60 5 56 14 102 31 39 61 62 16 88 38 100 74 25 84 67 77 106 101 35 104 108 34 41 33 91 93 55 75 6 85
84 78 107 21 16 46 92 103 56 88 86 68 34 20 110 4 63 8 64 6 98 99 71 93 60 15 83 87 85 5 112 75 13 37 61 72 55 58 40 79 65 33 80 31 101 41 106 42 44 50 69 54 1 102 81 51 9 26 104 10 22 67 14 25 35 59 76 47 70 30 109 3 29 53 11 32 111 52 38 91 12 48 97 74 7 17 94 96 77 108 36 90 105 100 45 89 62 82 49 66 27 57 23 2 73 39 18 28 43 24
85 88 91 74 21 48 38 14 97 98 101 95 75 108 57 63 20 15 26 58 23 16 12 93 17 105 73 51 39 66 37 81 30 87 50 46 5 72 27 106 40 86 96 82 6 59 11 92 13 64 19 94 1 34 2 56 7 53 84 61 9 8 18 31 112 35 22 36 71 43 83 68 90 52 103 24 67 47 44 100 29 99 110 41 10 69 76 89 60 32 104 54 62 111 107 78 45 28 79 4 25 70 49
86 89 48 13 6 49 9 61 50 94 80 69 62 96 85 7 97 24 75 57 67 37 23 88 111 32 26 71 33 99 15 60 28 102 45 8 27 63 52 25 79 95 105 21 36 2 10 73 78 101 31 19 81 107 106 55 51 93 83 65 74 100 84 35 12 39 58 70 22 76 68 40 66 16 44 42 41 87 54 110 108 43 90 34 53 72 4 109 103 30 3 47 5 104 59 98 77 112 29 46 91
87 90 78 50 70 79 20 10 49 109 27 105 19 59 77 34 45 16 12 51 81 5 107 75 63 17 89 48 101 30 13 36 9 94 43 4 92 106 95 25 80 85 97 37 55 73 103 1 82 11 47 111 28
88 85 91 49 81 26 50 105 30 38 76 13 58 43 107 104 25 5 1 18 21 20 3 37 112 44 73 108 75 67 59 74 98 11 99 34 111 66 64 106 17 9 41 32 78 94 33 56 68 23 39 53 93 15 55
89 86 63 47 2 26 53 73 77 98 57 49 32 62 44 36 76 93 17 28 83 39 56 24 31 96 1 108 100 82 50 92 109 45 79 88 15 20 66 60 84 8 7 34 40 12 107 80 67 75 101 25 33 74 19 72 59 11 68 91 64 71 102 4 87 85 18 51 104 9 10 54 111 16 35 6 38 81 5 90 14 52 95 23 94 65 46 42 61 70 106 27 30
90 87 29
91 85 88 109 65 27 63 24 12 66 83 39 80 25 40 74 112 86 15 47 34 72 28 41 18 7 3 54 51 71 101 82 4 84 50 19 102 108 21 57 37 89 16 9 35 31 45 90 6 60 76 30 26 11 87 81 61 8 97 33 46 95 105 29 42 75 17 1 100 59 94 20 110 36 93 5 64 77 44 99 38 14 103
92 94 35 78 106 56 72 1 91 100 89 17 76 103 49 77 75 95 61 5 80 112 83 13 24 37 105 52 90 10 46
93 96 35 61 33 68 81 20
94 92 95 69 89 105 83 58 101 24 71 38 43 60 97 8 20 28 64 74 66 56 104 41 42 91 79 5 32 33 36 21 37 86 49 22 110 75 6 17 59 10 12 15 82 23 25 109 31 26 54 67 48 98 11 51 107 45 88 55 9 78 80 84 100 4 63 61 30 72 16 14 85 3 50 62 96 87 19 18 57 1 35 103 99 7
95 97 98 51 49 112 71 7 52 35 58 15 60 110 23 65 93 89 67 48 44 41 16 72 20 94 59 70 18 28
96 93 28 60 106 22 48 33 41 2 84 70 1 25 82 40 44 87 18 34 16 31 68 109 76 54 59 47 8 102 66 55 77 45 112 3 50 27 4 61 15 67 89 95 72 94 71 12 69 92 14 58 81 6 105 91 21 38 78 97 29 11 5 104 37 62 107 51 30 90 103 64 86 13 52 56 83 65 79
97 95 98 2 81 73 11 104 41 80 71 103 34 4 45 64 12 9 60 107 38 68 101 62 48 52 32 54 6 110 36 51 100 46 76 85 93 111 58 15 96 94 29 13 89 83 19 108 1 8 44 112 79 66 35 67 65 5 53 70 74 27 63 88 90 30 43 86 59 75 42 69 26 99 50 16 31 14 91 37 7 17 10 77 82 84 24 47 61 33 56 18 39 20 25 57 3 78 72 21 102 55 105 23 92 87
98 95 97 49 100 109 72 56 48 58 75 64 15 24 7 76 18 71 62 77 74 87 43 27 57 94 23 36 63 78 50 29 25 81 38 10 89 67 47 66 14 82 8 65 51 39 40 103 54 22 96 108 34 33 83 41 37 4 19 90 53 91
99 100 85 86 33 22 56 28 83 8 63 68 43 65 73 48 111 95 91 74 12 26 108 30 2 82 14 71 107 97 59 34 102 103 64 93 35 62 31 29 106 37 105 6 10 81 87 49 61 24 51
100 99 11 96 63 21 76 19 59 87 16 92 72 25 82 3 30 108 74 15 75 78 94 58 36 44 64 57 13 70 83 5 38 12 73 52 80 2 39 112 10 109 104 106 43 20 9 35 61 62 71 29 46 77 40 42 8 67 111 85 14 7 41 86 88 1
101 104 102 36 5 68 55 58 93 49 11 87 106 16 54 74 89 109 7 37 81 84 50 17 57 12 85 4 39 107 8 73 88 32 66 19 53 42 82 13 91 67 83 34 6 31
102 101 104 68 15 90 18 30 92 42 70 93 55 94 5 46 84 22 97 12 52 58 48 7 1 59 86 100 96 65 43 50 25 28 16 37 98 83 99 34 54
103 105 74 1 55 85 71 83 99 80 33 5 31 40 8 79 101 94 108 4 44 76 21 9 3 10 19 66 62 88 104 48 96 14 65 84 82 78 58 32 102 43 49 41 17 22 97 98 68 27 36 7 16 46 45 53 95 24 25 92 90 86 61 73 67 89 42 87 39 51 50 12 52 56 37 11 110 63 18 29 69 81 35 77 93 38 72 26 60 112 107 34 106 100 70 75 20
104 101 102 89 74 42 21 28 57 81 52 80 88 94 53 5 67 106 4 63 107 96 49 103 108 95 110 86 30 98 25 99 14 36 75 31 43 9 22 112 18 109 72 58 65 40 60 73 71 76 39 20 23 79 41 17 19 78 45 64 100 59 92 29 3 68 90 1 62 13 37 111 15 11 7 83 51 10 97 12 77 85 61 32 8 50 91 16 33 105 66 84 82 27 24 26 69
105 103 94 76 52 111 6 81 53 47 88 96 73 77 17 104 23 98 57 80 71 22 99 55 14 31 46 86 66 28 41 106 40 30 74 48 56 16 33 4 67 20 38 90 85 35 7 89 69 107 79 112 92 39 19 5 13 59 2 18 64 78 43 62 51 93 27 10 24 63 108 3 42 84 60 72 45 83 54 58 36 82 75 21 50 110 70 29 91 44 65 1 26 34 12 95 61 9 100 49 8 11 68 25 32 109 102 87
106 110 60 2 36 88 79 61 65 35 93 34 55 99 21 53 20 86 24 54 85 27 22 18 31 47 109 87 4 95 42 98
107 109 111 91 79 25 30 58 108 14 92 73 38 44 90 33 53 84 59 43 52 95 28 96 67 89 22 97 86 82 42 26 41 3 61 5 65 49 100 27 75 63 50 78 7 37 66 23 56 39 87 70 93 85 16 36 9 102 110 18 6 11 88 12 104 51 4 40 13 106 105 64 15 46 62 76
108 112 28 55 103 29 66 76 21 32 91 45 87 48 1 97 9 77 42 62 96 100 37 46 65 7 50 17 79 20 70 105 75 52 71 53 39 90 11 3 6 54 51 31 83 72 36 99 86 35 59 80 93 63 58 22 81 67 68 109 69 60 57 104 101 89 23 94 102 34 61 41 19
109 111 107 81 55 12 92 36 59 49 51 45 13 42 23 64 75 22 90 24 70 94 106 44 98 63 112 99 89 38 11 103 71 87 52 50 20 60 86 88 21 1 25 17 34 80 31 15 47 10 97 83
110 106 3 72 81 31 91 86 49 68 59 84 66 100
111 109 107 47 97 57 81 30 28 66 64 91 34 36 69 1 62 102 92 27 38 61 87 106 67 88 49 54 46 14 23 94 58 12 73 40 42 60 39 77 98 6 11 10 99 7 5 17 112 24 72 2 76 31 86 32 19 52 26 104 84 70 20 78 63 33 100 82 75 51 110 105 83 96 8 95 41 22 50 53 29 21 90 55 59 18 16 79 89 35 56 48 9
112 108 102 11 89 14 92
