21
1 7 4
2 5 20 13 21 16 19 14
3 6 20 14 12 17 7 8 16 2 10 18 4 15 11 19 1 9 13
4 7 1 15 13 11 12 21 3 14 19 10 20 9 16 8 6 17 5 2 18
5 2 8 12 1 17 14 19 9 18 7 6 11 20 16 15 13 3 10
6 3 12 4
7 1 4 2 3 6 10 19 21 11 17 20 12 16 13 15
8 10
9 14 11 19 21 18 4 7 17 8 6 15 20 3 1 2
10 8 7 21 6 18 15 9 19 17 12 20 1 3 2
11 9 14 20 5 12 15 1 6 10
12 13 14 17 3 5 7 6 19 10 20 15 8 1 2 9 11 21 16 4 18
13 12 16 15 9 6 1 10 17 11 4 14 7 21 18 3 19 2 5
14 9 11 6 1 7 21 18 19 16 13 17 12 2 4 15 10 8 3 5
15 19 16 17 3 6 13 20 10 5 21 2 18 1 4 12 11 14 7 9 8
16 19 15 21 13 3 4
17 18 16 13
18 17 4 1 9 12 7 6 20 5
19 16 15 6 8 10 5 1 18 21 12 7 2 17 14 20 3
20 21 1 14 4 6 15 12 13 18 9 10 3 5 11 17 7 19
21 20 10 12 8 18 5 19 17 7 1 3 15 2 9 11 16 6 14 13
