126
1 7 99 37 57 4 90 96 52 41 32 113 54 58 116 35 104 50 39 29 11 81 108 74 36 118 51 68 107 24 42 82 49 77 47 105 5 60 21 26 71 111
2 3 124 96 75 90 13 28 52 125 60 7 64 15 44 117 114 51 42 79 54
3 2 64 95 49 104 122 4 85 1 66 53 42 54 69 123 46 9 39 29 17 31 99 23 117 107 98 48 59 91 52 50 67 120 101 34
4 6 5 111 96 92 113
5 4 6 41 112 21 102 111 75 48 51 53 105 60 38 25 20 82 45 30 22 66 37 23 124 35 16 32 98 27 1 33 14 86 2 15 80 126 36 61 63 58 79 77 34 24 90 94 17 74 120 65 81 119 59 121 83 108 43 28 7 39 47 123 40 78 118 12 31 92 87 99 3 125 68 72 49 52 115
6 4 5 26 93 28 73 74 89 117 20 13 22 107 85 92 50 115 69 57
7 1 29 77 38 3 30 11 82 123 46 35 34 18 40 56 62 97 106 2 95 42 12 57 60 85 37 86 110 20 39 54 10 22 115 89 116 112 31 108 8 107 43 74 21 99 121 49 14 73 52 68 84 124 23
8 12 45 9 93 25 40 49 47 41 24 19 85 90 7 63 36 58 70 68 119 16 88 42 98 59 62 27 48 99 126 10 91 107 114 50 80 69 60 86 77 31 94 76 38 87 37 74 34 117 81 1 67 73 105 97 28 46 89 3 55 122 23 33 111 120 20 29 96 4 30 13 2 75 32 116 39 121 124 112 106 110 64 92 115 84 104 82 101 72 17 44 61 43 11 79 65 108 53 52 14 118 95 51 102 26 125 66 6 71
9 14 11 117 93 88 40 78 101 90 31 35 53 26 76 43 25 1 50 61 55 10 28 52 58 124 72 4 68 109 102 2 120 125 18 21 20 104 116 82 33 112 48 69 106 51 84 5 36 67 123 87 94 111
10 13 113 40 86 65 47 125 54 75 2 107 64 60 104 38 108 5 98 121 58 32 100 30 11 4 115 43 44 71 23 59 89 35 36 37 120 92 79 55 27 109 101 22 63 80 16 88 84 91 49 45 78 12 126 122 7 8 46 117 50 103 24 3 53 14 111 61 95 41
11 9 14 118 85 100 113 88 93 91 58 25 107 7 78 2 69 63 84 39 21 15 55 52 121 119 44 5 105 54 74 6 38 82 66 40 20 123 24 51 109 50 47 34 97 19 120 79 116 125 42 99 117 61 87 92 71 73 13 35 68 103 122 101 70 60 45 77 17 111 124 41 81 110 95 22
12 8 5 61 46 13 70 49 6 103 54 16 93 84 15 64 9 40 107 86 4 113 66 92 125 96 41 59 77 29 69 55 91 32 28 79 94 108 17 30 95 58 114 109 60 25 7 88 120 67 126 62 87 26 56 57 124 47 112 76 85 27 123 75 21 36 53 33 63
13 10 74 26 30 52 51 118 12 94 116 76 97 31 8 59 122 67 41 3 54 16 29 86 72 109 73 49 35 78 123 81 89 85 40 91 83 22 48 4 79 33 125 114 69 96 82 1 107 121 20 70 42 14 112 43 64 47 92 28 25 7 115 21 27 18 34 80 55 119 103 90 15 113 46 98 32 126 100 45 24 11 105 62 87 63 102 124 58 66 19 60 93 110 6 2 120 65 50 56 37 84 57 36 61 108 88 95 75 104 5 9 39 38 77 44 99 68 101
14 9 11 40 85 80 99 64 51 1 46 105 57 26 35 116 103 117 110 124 7 78 48 27 50 115 121 36 43 59 4 71 24 77 83 113 49 61 120 66 53 74
15 20 74 92 16 44 30 123 56 31 94 47 125 65 100 51 12 9 29 79 95 13 62 36 78 84 64 117 81 86 32 93 45 1 69 35 102 43 124 49 114 5 85
16 19 59 35 56 55 83 113 84 50 14 95 66 112 82 108 18 107 117 126 21 122 92 73 42 110 44 34 62 105 97 1 41 30 29 39 69 20 80 37 53 99 75 85 103 5 70 15 4 67 115 11 7 57 51 65 86 3 33 24 72 54 89 46 27 63 38 74 28 45 25 96 23 125 100 101 12 26 49 98 79 102
17 18 21 54 41 35 105 3 7 8 42 123 53 86 59 77 39 89 78 124 14 45 37 33 91 65 107 104 13 44 30 126 112 75 73 46 34 90 68 71 49 11 1 4 6 12 121 82 58 92 87 97 10 79 81 67 98 40 111 115 63 19 48 83 80 110 43 96 50 60 103 113 74 25 9 51 76 62 36 95 15 52 31 119 100 101 69 108 93 61 94 23 20 118 55 114 120 28 38 84 70 72 64 102 66 99 29 5 122 106
18 17 21 94 45 39 46 108 85 27 92 106 125 120 61 111 79 3 25 105 88 121 112 26 8 118 48 126 28 51 101 83 75 56 109 78 102 119 12 107 64 100 60 2 42 123 34 5 32 113 14 36 91 35 116 69 16 62 99 90 22 43 115 57 41 37 19 97 29 71 11 15 103 72 23 122 80 87 54 40 55 96 117 110 95 7 124 44
19 16 21 51 125 26 108 35 84 105 64 109 1 117 28 104 8 80 17 50 20 126 42 57 47 85 68 113 44 99 86 52 71 48 29 3 46 81 76 66 10 70 14 69 55 73 92 72 102 30 112 39 6 9 27 31 83 87 103 15 41 37 120 36 23 2 5 43 11 62 59 65 32 106 114 53 123 75 95 24 100 111 33 12 101 49 7 38 110 77 34 40 56
20 15 32 3 114 124 11 51 49 21 8 50 110 94 45 109 6 58 104 13 39 54 88 91 57 34 90 26 113 68 86 38 62 93 4 79 85 70 65 48 78 28 71 82 96 126 9 99 101 47 30 117 2 52 80 106 76 64 25 89 53 81 17 111 61 19 119 22 116 10 73 24 27 37 63 31 92 59 41 56 18 121 5 87 98 7 29 115 60 36 33 77 95 102 107 40 23 103 55 1 12 123 112 16 74
21 18 17 52 81 116 106 50 8 125 79 30 2 115 5 70 62 74 35 23 86 16 61 1 119 51 20 92 121 66 85 117 118 3 90
22 27 24 76 56 45 66 46 118 64 117 68 33 60 69 10 28 110 83 38 101 40 65 92 77 85 19 14 34 55 104 123 114
23 26 88 99 18 48 79 119 93 43 66 81 126 33 44 117 94 72 52 77 42 2 111 103 37 84 53 80 107 83 89 22 90 115 63 71 76 49 50 59 21 28 78 60 55 96 3 31 114 75 8 12 17 40 95 73 110 20 68 74 9 54 116 38 87 6 10 62 82 47 61 106 86 122 98 100 34 4 121 102 24 14 108 113 125 57 29 70 58 30 15 105 25 123 64 56 7 35 92 51 13 67 32 39 69 45 46 97
24 22 27 53 117 85 84 7 19 29 62 33 121 46 58 1 42 74 26 66 17 3 6 16 108 92 28 13 112 38 55 47 104 65 50 80 18 60 94 9 71 102 83 52 45 82 21 89 31 72 10 100 76 37 11 95 109 88 8 32 40 68 61 36 120 119 103 25 67 73 12 69 110 93 20 34 56 43 91 105 15 5 30 63
25 28 83 112 1 75 122 111 99 22 63 39 54 106 13 100 56 71 64 88 105 40 85 101 118 29 90 117 3 36 46 102 12 30 5 119 35 15 44 23 14 84 92 96 121 109 77 65 74 116 53 103 110 38 45 79 82 69 68 114 34 61 47 21 104 32 41 19 58 17 93 126 50 31 89 33 123 57 120 76 11 18 16 10 70 125 20 62 42 2 4 115 43 60 97 95 51 80 67 91
26 23 83 36 85 62 37 73 48 109 51 39 4 81 72 105 57 55 65 74 16 22 100 120 96 122 38 3 35 49 10 33 87 44 123
27 22 24 116 82 123 107 8 61
28 25 40 41 9 77 81 58 55 98 96 113 117 79 68 88 20 110 34 23 21 6 82 73 51 100 78 115 46 121 122 94 74 10 72 47 70 101 45 95 102 60 90 3 75 66 125 99 26 44 84 91 22 67 64 111 103 43 57 15 89 31 123 86 120 62 92 85 8 107 14 114 118 7 65 30 59 49 36 108 71 106 33 126 13 61 12 19 24 2 29 119 38 52 48 104 35 80 124 63 42 11 87 1 69 97 50 27 37 56 18 5 93 54 53
29 32 3 27 55 17 116 87 84 82 23 59 52 104 7 93 46 67 71 50 75 45 111
30 33 35 6 57 18 64 77 25 11 126 72 88 94 59 113 61 66 46 86 68 106 78 60 97 111 109 34 69 38 48 53 36 12 24 104 120 51 70 121 87 21 28 22
31 34 35 5 14 88 82 64 98 40 123 120 97 8 10 4 50 77 100 19 48 113 106 22 108 32 37 102 122 117 114 26 79 16 13 57 28 61 78 21 93 62 60 103 118 54 81 65 92 86 69 99 124 66 6 96 23 83 104
32 29 69 37 44 102 50 26 75 20 62 115 85 53 64 67 68 80 42 77 86 120 94 103 9 43 124 13 63 92 10 96 33 48 76 93 90 107 70 12 100 106 8 114 51 79 113 82 4 35 6 74 40 54 39 108 7 101 15 52 84 30 117 58 14 31 23 119 110 16 87 36 99 57 3 34 60 49 27 38 78 83 125 24 45 89 109 81 111 105 126 28 118 112 98 122 22 47 121 25 123 56 59 61 19 18
33 35 30 99 121 93 86 38 47 43 95 41 22 71 88 53 27 10 46 16 115 18 64 82 59 68 31 114 21 91 67 100 123 78 24 11 54 96 80 57 20 105 106 112 124 55 65 42 92 77 85 119 109 107 73 52 118 60 75 87 19 5 49 3 113 61 69 37 9 45 63 97 23 74 70 108 66 79 81 62 1
34 31 120 44 84 80 93 49 40 85 73 13 111 105 65 59 41 77 4 123 32 107 114 5 82 62 45 112 3 94 106 78 102 1 109 28 16 48 23 96 99 11 36 83 81
35 33 30 21 34 19 7 53 125 120 88 63 2 67 111 55 58 86 73 110 75 103 47 24 126 97 32 72 59 28 74 37 60 5 96 71 41 12 9 52 116 108 3 102 69 76 81 112
36 37 38 20 73 71 53 121 93 52 85 113 110 94 106 19 11 97 68 42 40 126 44 112 88 124 56 35 82 61 12 55
37 36 38 82 122 120 7 19 78 101 9
38 36 37 107 58 39 94 30 92 86 34 24 61 95 75 15 4 25 76 57 89 119 68 1 2 104 3 60 82 113 16 117 12 103 74 80 44 46 88 65 13 18 14 123 56 69 125 23 109 67 78 27 35 105 32 118 102 108 50 81 83 28 71 45 47 64 85 93 122 96 9 63 112 8 33 106 91 17 10 31 73 6 55 72 120 97 48 101 110 51 54 59 77
39 42 86 30 83 98 34 70 52 4 121 29 120 78 75 44 88 50 43 59 126 72 74 35 64 2 41 51 31 27 112 89 123 19 28 99 58 79 12 82 56 36 14 66 37 46 95 67 22 122 117 105 7 92 61 18 103 13 62 107 87 125 45 113 81 101 96 77 65 118 25 104 26 57 69 85 124 38 49 110 33
40 41 120 123 65 59 98 84 99 21 96 78 16 102 42 54 24 17 68 77 5 115 126 13 72 46 7 63 49 122 28 111 73 2 26 39 23 109 82 53 20 90 29 15 34 121 106 79 60 94 67 69 85 62 38 22 36 110 88 35 6 103 64 47 75 125 97 76 113 112 116 95 51 30 44 25 89 27 114 86 92 61 105 18 101 19 93 8 66 83 107 3 32 12 81 37 91
41 40 79 125 58 25 34 27 102 86 123 17 56 110 2 85 83 51 26 80 116 98 14 21 38 93 109 36 45 122 53 81 11 8 68 7 101 121 43 67 87 119 3 44 32 97 37 82 99 46 70 88 59 39 52 77 66 33 113 13 50 31 63 115 69 60 64 92 24 49 126 16 124 12 35 118 112 90 107 1 108 100 61 74 6 78 96 10 72 75 84 19 5 57 30 62 105 103 20 65 120 55 47 22 117 9 111 15 29 89 71 28 73 23
42 39 121 32 67 48 49 86 56 24 91 14 60 23 95 126 105 124 69 66 85 61 98 2 101 118 112 40 82 108 46 5 51 109 123 117 12 122
43 45 49 69 1 21 64 37 76 65 12 39 125 97 100 62 8 57 118 30 103 36 28 80 108 93 6 91 3 116 105 92 96 67 75 42 85 11 46 40 10 55 9 53 26 59 120 7 90 5 60 89 23 32 73 16 41 121 99 104 109 18 68
44 46 108 2 91 93 68 65 14 105 117 101 17 21 10 111 49 84 40 5 38 9 61 48 81 116 92 13 99 83 4 7 66 23 82 119 67 94 95 104 109 51 22 113 121 6 89 106 37 77 85 20 114 69 34 1 53 100 87 118 126 112 41 110 25 16 54 79 8 18 123 102 73 50 28 58 3 124 86 29 35 64 115 97 56 30 24 107 72 125 33 39 52 96 43 63 32 75 98 47 71 88 27 19 55 74 36 31 59 120 11 103 57 76 15 26 45 70 60
45 43 49 89 83 5 120 98 69 9 78 22 18 82 96 33 42 110 72 58 59 7 117 60 26 38 70 75 73 86 100 19 53 111 35 54 109 77 57 55 124 51 4 104 79 114 11 99 116 2 68 126 95 50 37 23
46 44 43 24 60 74 80 87 114 53 79 68 65 37 8 120 54 25 94 51 89 111 4 81 32 106 9 22 85 55 21 97 121 20 113 58 23 84 11 88 19 47 123 48 42 76 109 70 75 2 17 61 90 12 52 41 83 93 35 117 103 36 112
47 48 68 93 32 114 84 24 110 119 38 33 61 100 107 86 71 115 112 122 58 54 37 30 55 27 36 74 124 40 43 80 65 17 123 11 66 45 5 53 97 109 31 88 75 99 42 111 72 73 51 92 26 16 64 77 117 116 108 35 82 96 56 21 4 76 90 83 85 89 25 78 120 95 103 39 94 67 29 6 79 87 18 126 91 13 98 15 1 10 28 14 60 34 101
48 47 88 26 53 31 19 25 44 17 116 92 76 51 10 95 89 70 30 22 8 72 65 55 75 18 101 69 86 94 14 27 99 16 60 124 24 104 20 34 98 114 58 87 120 108 71 113 45 36 102 64 28 12 109 85 1 123 91 32 3 56 52 74 49 82 33 73 66 96
49 43 45 5 22 126 25 11 84 58 59 88 95 72 8 65 3 97 34 89 63 100 30 66 32 46 44 7 54 57 6 16 74 9 15 75 113 79 42 114 115 98 86 104 10 53 50 82 125 92 85 118 102 28 124 83 80 1 119 91 60 56 17 18 47 93 37 52 116 64 38 73 29 90 101 62 94 123 111 70 61 48 24 78 69 105 19 76 67 36 120 117 33 77 110 14 99 31 40 107 121 39 27 4 71 81 35
50 55 53 52 15 124 115 68 42 24 126 36 61 69 79 45 41 33 116 9 118 47 11 49 32 63 91 74 109 16 37 57 90 66 1 44 19 102 20 59 84 31 93 92 107
51 54 80 94 60 59 89 87 120 62 123 101 21 22 33 73
52 56 53 58 33 35 45 73 10 69 71 121 123 124 63 65 112 102 103 19 119 90 8 38 125 98 101 126 118 116 16 29 46 68 106 91 115 74 93 83 57 49 51 105 107 96 109 43 104 100 95 22 18 120 41 36 60 17 34 31 87 108 42 5 113 70 94 122 89 80 77 50 48 13 9 111 117 40 79 11 32 15 54 1 20 88 67 3 6 75 23 84 12 37 44 55 47 39 27 81 92 82 26 28 85 14 114 66 86 24 25 76 78 7 97
53 56 52 79 58 123 77 75 30 29 109 111 10 67 87 31 7 102 39 34 125 38 105 37 112 100 106 41 11 3 99 107 119 116 60 120 70 48 19 117 80 22 95 14 92 13 5 55 51 86 94 126 83 12 45 85 103 84 20 28 74 97 88 66 8 115 9 32 124
54 51 99 75 79 111 71 46 83 112 35 61 121 15 25 77 1 103 38 34 45 109 87 4 26 74 44 5 40 43 100 125 20 94 76 16 122 93 2 41 104 80 78 8 17 102 118 48 32 68 84 108 60 120 124 39 50 6 67 63 113 47 123 89 86 73 7 88 114 36 12 29 27 23 97 115 59 10 92 19 126 107 69 105 28 95 91 21 65 9 42 56 81 22 18 98 119 62 82 101 3 58
55 50 118 48 62 104 4 125 110 19 98 64 112 56 28 51 31 86 9 78 80 88 15 91 34 45 84 11 40
56 52 53 105 1 29 123 70 64 45 46 91 118 87 55 100 112 62 78 84 8 106 10 95 119 4 89 116 108 36 60 76 99 25 5 61 50 107 111 79 44 125 80 90 27 115 59 113 41 47 93 67 122 42 40 124 66 65 83 31 37 14 23 71 9 81 85 34 72
57 58 46 104 107 94 74 71 14 19 9 110 21 10 90 4 11 109 8 98 111 13 7 77 114 116 79 17 102 92 32 31 65 27 59
58 57 120 102 5 28 74 44 43 103 75 18 56 126 52 63 25 66 71 10 124 22 80 67 82 20 23 54 91 32 111 92 86 47 110 11 83 41 122 85 16 48 38 6 13 49 98 109 61 65 40 35 100 104 55 123 97 77 113 114 42 117 21 39 31 90 106 36 107 8 1 101 68 50 30 78 94
59 60 62 104 19 1 32 15 44 100 63 66 38 25 95 105 10 102 96 85 45 71 118 113 101 124
60 59 62 46 94 93 85 14 124 41 90 44 88 31 125 13 48 1 19 83 8 68 108 58 102 96 54 36 22 35 105 25 84 34 21 104 29 27 49 73 9 115 26 120 43 55 101 7 6 20 10 69 89 57 112 123 28 97 24 74
61 63 75 10 31 2 111 50 90 85 124 36 98 15 91 71 54
62 60 59 100 15 47 43 7 115 105 111 125 89 114 30 10 70 82 118 112 1 120 124 3 67 20 109 42 93 2 76 97 68 123 17 22 14 126 4 55 108 107 40 96 74 16 91 66 94 12 18 39 64 103 61 21 119 46 88 27 81 49 99 25 33 75 32 53 41 86 65 54 50 87 113 9 63 79
63 61 88 90 124 112 107 12 105 96 111 71 109 78 50 85 59 20 95 6 83 103 13 93 40 102 38 113 106 32 26 108 64 67 3 68 84 23 121 118 35 77 49 24 104 48 117 91 37 60 79 110 62 120 27 92 30 125 2 87 10 18 65 94 54 82 16 100 75 56 42 89 33 122 41 123 34 126 52
64 69 43 104 16 11 84 21 68 70 77 94 75 47 58 55 54 42 93 37 59 113 35 14 95 89 106 71 124 49 3 103 46 5 61 105 62 117 2 92 26 51 76 87 12 10 122 115 40 111 39 100 52 38 53 9 72 108 110 88 85 7 22 97 120 17 116 29 66 83 73 79 1 45 23 112 8 81 13 48 96 50 91 125 109 44 56 114 80 33 90 67 32 6 41 102 20 107 34 74
65 70 66 92 125 51 123 26 94 109 97 55 25 79 29 33 82 99 71 46 42 75 114 8 2 19 48 10 34 6 95 120 27 22 117 110 4 88 47 35 107 9 77 80 72 11 1 21 63 90 74 16 96 3 105 43 5 85 17 45 100 32 126 60 15 101 78 83 37 53 23 93 86 36 122 108 89
66 70 65 27 26 57 80 78 86 67 107 113 62 125 40 71 82 52 108 25 63 84 111 97 9 77 96 41 12 53 83 43 46 114 42 2 18
67 68 82 102 14 7 44 51 81 125 74 56 37 26 95 106 99 79 40 54 52 8 122 41 28 92 42 80 116 69 27 22 84 112 25 77 78 18 49 111 94 83 15 108 29 50 126 115 53 110 72 96 62 31 4 16 97 117 114 87 71 104 24 61 76 93 2 35 103 88 57 10 91 86 107 89 34 101 105 65 45 109 1 124 60 70 43 90 73 85 39 36 23 30 11
68 67 4 21 44 103 6 112 71 83 29 93 18 30 22 91 15 97 70 114 59 64 10 49 19 39 34 101 108 17 106 58 118 74 60 5 48 50 78 92 55 110 41 116 80 104 65 82 20 117 125 42 122 75 84 100 24 38 27 52 124 37 13 35 33 111 8 123 90 66 32 45 119 115 88 12 1
69 64 4 102 110 41 76 1 94 21 25 16 28 3 26 90 59 61 54 43 79 74 11 45 87 49 20 39 121 10 83 72 101 70
70 65 66 14 71 107 121 2 53 126 46 79 120 78 103 68 26 47 82 111 20 33 18 52 12 19 7 124 77 91 17 98 100 123 90 95 117 56 64 15 113 73 27 50 85 96 105 83 11 63 60 93 55 86 4 35 118 54 76 97 9 104 109 1 122 28 119 10 38 81 114 58 6 13 34 36 62 92 32 24 25 21 57 40 89 8 31 41 44 115 49 51 45 39 101 108 99 125 112 23 59 42 5 80 69 43 48 87 67 61
71 75 105 83 11 64 121 126 5 82 19 44 10 12 81 103 63 119 120 49 74 29 20 23 57 77 107 99 60 2 72 76 61 39 13 102 8 34 73 55 110 50 118 47 21 7 28 80 32 85 59 109 54 48 33 96 51 58 87 94 108 86 124 78 65 116 41 26 37 52 31 36 101 3 112 115 45 106 14 24 18 40 89 111 100 66 114 6 42 92 53 67 68 123 46 90 35 27 56 17 70 4
72 77 76 71 10 92 83 68 95 121 111 80
73 74 72 1 6 26 77 61 92 67 32 64 91 17 59 113 41 8
74 73 94 66 126 116 115 84 34 104 112 93 11 53 38 60 55 59 81 90 24 120 82 21 51 56 63 20 100 58 10 124 91
75 71 40 44
76 77 72 100 61 87 28 112 86 12 45 6 46 98 82 85 104 32 8 11 50 62 37 3 20 10 48 19 9 93 81 126 39 117 47 90 44 36 109 54 73 31 53 66 116 102 40 118 49 17 119 35 58 75 121 18 103 120 74 94 59 63 56 52 89 64 101 23 124 14 33 13 83 111 96 71 99 57 105 70 88 68 26 79 21 113 15 51 92 110 95 108 16 80 38 5 123 22 55 4 2 43 42 25
77 76 72 51 93 63 60 52 8 67 24 42 126 88 30 119 54 44 49 59 14 64 92 7 84 53 108 2 80 115 17 6 39 89 109 99 21 103 62 81 31 15 47 104 117 20 74 1 91 43 28 18 36 110 71 86 33 122 94 13 96 22 75 61 123 46 100 56 95 11 40 118 78 48 23 87 97 73 10 85 79 25 111 82 19 12 121 113 9 38 83 32 35 27 41 114 65 120 112 4 101 66 116 102 107 106 57 58 124 3 90 68
78 81 36 123 64 112 115 14 30 34 65 2 94 102 23 75 103 33 25
79 83 6 124 113 34 87 60 37 70
80 82 84 88 60 63 48 114 76 50 37 65 74 47 94 42 77 55 40 99 19 86 23 92 38 12 20 30 34 70 15 83 61 89 14 81 33 6 73 1 43 22 112 69 58 18 107 8 4 100 78 3 95 41 120 116 54 26 29 51 91 56 79 66 32 67 118 17 7 111 39 35 115 44 123 21 110 24 10 28 27 11 104 90 96 119 97 2 59 13 125 57 25 49 36 102 46 64 101 85
81 78 16 7 66 122 22 61 99 115 72 19 56 73 15 113 70 21 126 90 34 24 64 23 85 74 121 108 1 102 88 92 123 120 97 37 8 103 84 117 76 75 86 58 18 17 50 116 38 59 67 80 5 46 12 40 39 47 51 36 110 62 91 44 94 25 14 45 11 63 79 53 48 26 109 107 55 71 52 68 33 20 82 104 83 35 27 54 31 125 3 69 65 43 77 4 98 95 13 96 119 6 9 29 10 100 105 41 112 60 57 2 32 106 49
82 84 80 70 16 121 32 92 22 39 52 97 123 107 74 2 50 81 17 8 26 56 53 100 110 48 94 69 79 11 35 59 43 101 58 120 83 46 76 117 36 96 78 113 124 87 104 42 23 108 126 34 3 18 67 106 27 102 86
83 79 94 22 20 72 35 13 116 98 61 9 4 112 117 34 51 65 87 96 111 88 81 99 28 46 14 119 114 3 86 97 38 71 102 91 33 100 101 41 25 44 66 36 75 8 12 26 115 54 39 6 76 43 109 123 16 32 63 56 113 17 21 124 45 5 89 125 55 64 15 68 103 106 24 74 27 11 80 82 31 90 60 50 52 29 118 120 40 53 58 78 70 2 18 57 110 62 23 93 30 73 105 92 126 95 19 69 47 104 48 1 7 49 121 10 42 59 77
84 82 80 57 38 13 5 112 44 95 78 96 46 85 73 122 75 77 22 28 68 17 29 107 55 103 4 120 24 35 10 117 76 8 125 54 37 113 90
85 91 87 123 125 13 9 116 6 119 29 86 110 71 109 56 61 100 12 1 28 55 73 7 48 112 115 51 41 31 120 20 23 35 11 19 49 27 101 4 21 50 106 58 102 98 43 46 5 32 81 22 10 54 15 124 69 93 63 65 80 95 77 2 64 103 105 24 42 68 92 88 89 111 44 53 126 74 99 72 52 40 97 18 62 25 16 107 70 94 96 66 26 34 47 83 104 84 118 38 82 30 17 14 122 45 76 3 90 59 57 39 79 117 114 108 78 37
86 88 78 29 115 91 37 45 108 119 103 68 44 90 121 5 58 31 16 105 83 59 23 122 70 99 76 110 73 40 57 6 46 54 67 72 123 43 81 116 95 34 61 56 12 38 125 77 62 13 42 48 84 19 124 80 112 109 89 9 49 8 4 111 65 10 120 2 93 32 75 107 64 94 96
87 90 89 33
88 86 55 89 36 78 72 32 8 17 75 33 16 96 79 49 57 90 63 51 124 65 52 39 66 100 13 122 119 120 46 10 82 117 95 25 118 38 26 64 111 44 61 50 126 24 74 109 12 125 83 113 108
89 90 87 101 24 102 57 50 58 66 119 15 83 25 71 88 48 79 111 31 91 33 26 46 72 49 13 116 113 120 68 56 67 65 92 42 81 9 4 115 104 27 19 106 95 125 59 12 124 55 69 126 52 44 32 85 121 54 77 30 60 109 98 123 5 118 110 29 36 28 40 73 84 86 14 2 64 62 43 18 75 96 7 21 105 35 70 22 53 8 114 82 100 3 61 99 41 94 10 11 47 107 108 103 97
90 89 87 75 76 101 86 34 66 73 103 50 24 123 91 14 36 3 85 98 51 68 88 33 44 21 40 10 30 126 67 52 23 27 93 99 32 83 112 124 82 102 43 111 60 48 9 46 8 45 19 64 2
91 85 123 122 4 17 118 44 101 125 109 51 90 25 124 97 94 102 93 10 111 98 21 116 9 84 66 56 35 11 126 119 95 112 38 49 46
92 95 76 77 79 48 41 112 13 70 22 94 19 42 104 91 18 124 64 99 55 62 101 56 71 68 98 29 114 35 57 88 3 97 38 122 65 52 20 12 15 9 5 59 1 90 30 115 109 45 58 33 73 8 24 103 46 106 75 105 120 74 111 10 84 83 61 66 102 25 87 60 100 53 54
93 98 68 117 71 82 66 81 70 40 7 16 99 10 63 12 20 50 42 8 72 59 61 41 86 26 76 28 79 123 122 119 69 101 43 73 96 60 112 5 78 121 120 89 14 64
94 97 96 78 75 84 3 52 17 124 50 25 74 69 26 51 31 4 123 93 8 87 110 45 38 90 10 100 35 23 56 92 83 16 54 89 13 72 106 33 68 6 43 85 55 9 48 39 11 66 14 108 102 30 53 41
95 92 53 89 65 19 94 6 24 26 68 43 61 31 114 5 118 120 39 77 117 18 103 88 121 52 80 23 17 116 3 107 14 8 12
96 97 94 17 39 21 113 73 36 12 83 49 120 79 115 52 51 107 118 74 70 13 100 71 14 121 101 89 6 53 24 111 106 114 38 122 54 26 109 5 124 57 30 108 86 50 46 43 45 41 20 10 95 33 68 103 42 16 75 58 87 27 64 90 93 29 59 28 3 85 66 40 77 7 31 126 76 4 91 15 98 84
97 94 96 28 34 73 91 118 86 26 16 121 113 75 46 38 41 68 108 27 72 109 102 87 43 88 8 115 17 107 14 39 117 66 63 71 9 37 61 40 10 70 52 105 93 2 20 35 53 85 65 126 32 112 5 98 90 100 114 59 55 7
98 93 77 90 60 87 97 123 24 76 92 124 102 2 56 108 16 43 79 51 78 61 100 29 18 25 57 104 41 111 12 26 107 121 6 1 32 106 75 19 47 28 7 10 44 99 5 83 110 81 53 50 64 4 49 72 117 52 119 73 126 21 20 22 84 15 59
99 100 105 119 101 65 121 82 106 13 67 103 14 50 70 125 4 113 77 80 108 26 59 114 10 17 91 90 112 68 52 12 47 93 37 39 81 25 94 95 31 46 123 30 36 118 104 62 1 33 43 5 15 55 38 29 24 83 92 72 107 110 76 21 85 74 116 18 120 20 35 64 22 2 124 98
100 99 105 16 40 57 102 52 122 75 88 84 107 111 125 60 6 83 123 5 98 21 101 77 39 32 96 85 9 19 45 76 66 20 68 63 86 30 24 33 37 17 42 113 51 67 48 54 11 103 116 92 80 25 119 106 109 22 41 10 79 110 70 29 12 43 26 81 97 28 47 71 94 118 121 73 35 64 15 74 3 124 46 18 53 8 114 31 2 4 36 95 50 78 120 38 91 34 7 58 65
101 104 105 10 44 75 43 28 102 52 83 125 70 118 106 64 27 61 42 71 126 32 4 114 46 113 33 35 1 85 86 37 91 99 78 79 13 22 60 111 120 88 9 16 63 14 58 94 45 53 31 34 25 103 59 17 107 119 123 108 50 36 76 47 110 29 100 5 12 95 24 67 56 115 39 18 84 121 69 26 23 65 90 93 112 68 21
102 103 71 6 84 2 45 11 90 112 54 122 68 30 99 81 101
103 102 7 12 67 49 33 76 87 46 101 72 108 17 2 45 113 94 83 56 124 104 90 74 97 82 112 42 98 69 88 60 78 100 25 23
104 101 125 81 100 12 63 30 64 90 9 111 120 55 77 88 43 99 27 96 68 41 59 113 95 29 57 103 32 78 40 37 54 82 67 28 60 115 18 106 94 74 34 108 10 79 1 8 109 61 7 98 33 112 97 62 76 15 45 105 21
105 99 100 65 111 78 104 63 16 55 81 12 59 23 90 112 85 20 61 27 14 70 15 64 102 96 73 68 62 66 17 9 54 33 44 3 56 76 36 24 80 42 5 32 26 97 18 28 77 108 52 89 51 117 47 119 118 125 107 121 95 114 87 4 57 21 22 40 8 39 34 86 124 1 43 10 53 83 126 38 91 6 110 41 109 92 88 116 45 19 69 31 115 2 106 72 74 82 120 101 93 37 123 84 113 94 13 48 75 29 49 58 60 30 67
106 107 44 83 41 56 21 39 57 112 15 7 45 47 119 37 20 87 49 11 118 121 8 66 12 102 1 64 43 52 71 60 123 86 97 82 22 65 100 116 89 126 27 3 88 109 59 105 77 53 62 99 31 51 58 35 70 23 108 80 13 32 67 36 68 46 104 18 28 94 9 61 34 38 50 26 96 125 2 42 103 113 90 85 5 115 75 54 92 55 10 81 91 63 33 72 25 30 114 98 17 101 111 14 110 93 84 79 6 69
107 106 93 117 62 75 17 116 68 23 102 82 108 35 30 53 104 126 122 4 37 10 103 45 83 20 25 40 66 65 48 91 95 63 64 1 22 7 34 54 21 69 49 112 43 120 31 5 50 101 38 85 92 13 114 56 14 33 89 84 60 47 110 24 121 86 72 8 71 78 12 70 3 42 52 32 58 96 87 113 124 15 29 119 39 9 123 46 80 98 94 36 16 74 6 118 27 125 28 67 11 55 88 81 51 105 73 19 57 2
108 111 109 91 115 35 100 12 54 17 64 63 76 3 112 47 121 69 45 82 24 85 123 31 106 20 32 62 40 4 119 38 16 103 68 81 60 37 98 120
109 108 111 120 100 77 71 95 18 53 5 50 46 41 97 79 75 22 104 115 78 48 58 96 24 42 54 81 26 69 43 2 85 40 90 82 19 112 51 59 105 114 110 101 99 3 44 9 86
110 112 11 79 113 62 42 119 85 12 3 116 46 2 29 43 54 114 81 87 99 88 109 69 60 55 27 118 7 95 64 104 16 6 35 8 20 22 18 72 100 93 75 126 36 91 13 123 57 17 94
111 108 109 85 77 113 67 54 112 51 52 73 107 41 14 22 101 99 68 58 43 1 90 31 4 6 72 66 45 70 10 50 53 97 64 60 114 23 87 44 120
112 110 72 16 36 39 43 74 90 26 47 1 23 117 69 20 86 48 64 125 106 59 57 80 113 95 92 2 77 84 87 99 62 49 91 27 7 83 103 122 6 55 9 25 51 88 12 19 40 61 21 70 29 114 119 109 28 41 65 33 24 4 5 78 22 37 42 68 52 45 31 104 121 46 30 14 108 18 93 81 17 118 76 13 44 85 126 66 63
113 116 115 126 70 96 122 53 38 64 102 57 5 60 124 42 37 15 28 8 27 36 71 118 125 117 123 3 90 84 93 80 18 79 25 23 120 104 4 7 29 67 47 16 72 111 20 1 114 48 55 62 30 22 98 61 95 10 69 77 19 12 86 91 52 43 56 46 92 21 24 49 89 107 66 2 63 39 85 81 78 97 26 82 99 121 33 108 73 65 58 50 76 103 45 40 83 44 88 110 41 54 9 105 6 101 35 109 11
114 119 100 121 101 48 52 15 70 90 77 110 53 82 45 44 43 37 94 105 4 21 68 41 99 66 81
115 116 113 27 119 48 50 68 44 62 71 89 120 73 20 21 125 12 76 101 53 58 34 91 92 66 51 55 98 1 37 126 94 3 122 19 90 36 13 29 2 104 46 100
116 115 113 75 11 33 49 114 126 82 53 7 106 89 16 117 72 92 96 88 46 45 63 19 54 47 51 95 37 34 9 71 120 93 36 90 103 4 83 91 102 66 5 42 105 13 50 57 97 61 60 108 40 58 44 107 65 55 14 10 6 20 24 68
117 118 77 97 82 100 17 27 42 104 74 101 45 69 63 91 6 76 30 14 5 52 108 2 79 56 83 109 121 20 115 67 11 126 12 43 18 71 50 113 107 122 55 13 120 112 86 123 89 23 80 40
118 117 65 43 76 99 70 126 122 50 82 115 71 73 124 63 14 5 52 87 67 34 3 116 123 111 83 93 10 89 112 66 19
119 114 57 6 11 49 36 86 54 90 29 94 123 53 20 109 19 89 101 41 68 33 84 64 15 28 24 107 18 122 82 72 25 91 16 58 93 76 99 47 80 26 35 70 95 73 23 59 50 27 44 13 105 69 78 37 77 79 42 92 3 21 125 108 88 45 65 60 126 17 34 104 40 8 112 96 103 98 31 38 116 113 12 110 87 74 9 4 22 106 1 121 81 97 100 118 63 48 5 117 46 120 61 124 39 51 10 7 52
120 121 123 57 45 43 18 77 50 1 72 106 91 41 92 74 42 35 39 85 82 111 119 80 62 101 21 66 2 126 124 59 108 33 40 58 46 110 81 49 118 79 117 102 3 13 86 70 9 67 26 75 19 105 113 37 95 96 60 8 116 78 34 115 90 114 24 97 16 17 87 69 52 104 98 109 47 23 32 125 25 12 73 65 122 4 48 51 54 44 76 63 27 61 6 71 5 56 99 15 28 29 100 112 20 11 93 53 103 31
121 120 123 96 112
122 126 8 123 22 114 82 37 63 60 41 55 102 69 43 78 35 29 72 27 87 99 105 52 6 47 107 100 1 36 61 17 95 75 9 125 30 77 94 46 84 74 115 19 16 88 18 15 117 58 109 92 5 3 23 85 110 108 56 2 11 31 39 10 89 49 24 80 34 112 118 120 62 101 65 68 66 64 28 12 57 59 42 50 4 13 124 93 113 81 44 70 119 7 73 90 116 38 21
123 120 121 34 43 72 55 118 113 62 17 79 115 105 16 110 20 48 47 42 107 54 57 24 21 63 82 124 52 2 14 35 81 36 51 67 12 69 75 33 46 112 39 15 45
124 125 72 46 52 69 57 71 119
125 124 39 101 97 117 77 99 81 90 109 50 23 126 121 75 92 87 21 113 4 25 119 48 94 13 88 112 44 55 19 11 30 52 53 42 70 32 82 33 45 76 67 69 93 108 102 15 86 6 14 5 22 64 47 61 40 58 46 17 85 59 24 84 71 43 110 105 38 41 20 18 120 63 60 122 83 74 29
126 122 77 112 120 69 102 75 109 43 91 117 12 113 21 62 1 30 55 74 85 49 38 8 42 37 45 118 90 24 100 125 108 48 93 14 3 15 84 94 28 88 110 80 31 54 59 121 99 34 33 60 4 64 46 103 32 70 11 6 16 68 25 56 18 89 29 40 101 105 22 106 51 114 111 72 44 57 73 47 7 104 66 83 13 5
