63
1 3 44 2 28 36 7 48 39 63 53 8 61 30 19 14 5 22 29 60 26 56 47 25 17 9 18 13 15 20 41 55 23 52 42 32 34 16 50 62 59 38 24 4 27 40 10 12 31 6 49 43 33
2 7 6 42 23 63 12 10 32 62 1 57 21 49 19 38 14 53 59 37 48 45 9 30 55 16 41 17 60 46 11 3
3 1 48 33 18 31 15 50 49 24 8 43 57 44 58 63 26 61 12 51 19 54 9 39 37 34 46 32 22 13 41 2 62 35 17 7 56 53 21 23 28 16 29 5 60 27 14 11 45 55 47 59 4 10 30 40 6
4 5 27 43 59 37 18 32 55 6 17 1 62 21 56 20 3 38 36 54
5 4 22 35 48 46 47 3 16 12 6 24 14 15 51 32 20 53 42 25 8 57 11 26 28 41
6 7 2 5 23 44 60 1 36 39 42 31 62 32 50 61 34 57 28 25 47 9 58 27 18 4 53 24 45 10 63 16 14 38 29 59 11 48 49 55
7 6 2 47 33 41 50 1 60 34 42 49
8 9 11 24 29 37 62 25 4 21 30 40 55 19
9 8 11 35 23 34 43 18 19 49 24
10 13 40 47 6 59 60 25 37 33 57 34 62 53 55 2 27 52 19 12 17 38 14 41 5 35 49 56 24 42 9 16 4 21 28 32 61 29 50 26 39 45 46 8 1 15 20 18 22 23 3 43 11 63 58
11 9 8 58 22 37 10 7 28 31 47 38 62 27 29 59 48 41 43 52 32 26 49 21 35 53 4 39 50 19 56 2 45 3 40 6 5 12 55 24 61 46 51 42 15 57 36 63 16 13 30 54 20 14 23 1 33 18 17
12 14 25 62 24 11 56 30 50 3 22 1 6 36 8 13 15 21 54 29
13 10 29 38 46 8 11 7 16 9 43 56 21 27 31 59 33 22 30 52 3 23 48 57 24 36 4
14 12 30 56 52 29 34 60 31 15 57 46 9 49 24 19 22 25
15 16 47 17 30 61 58 22 44 21 34 31 48 41 14 3 18 60 55 23 7 26 33 8 40 4 50 53 32 59 5 28 37 36 10 49 63 19 11 20 45 9
16 15 2 19 5 38 51 41 23 18 63 33 36 10 25 17 47 28 22 42 9 39 37 56 40 26 11 61 1 14 35 8 7 50 44 48 52 12 13 27 49 57 30 20 55 31 3 53 4
17 21 41 25 32 47 13 11 55 33 5 37 45 15 6 35 46 4 7 43 1 58 34 39 62 48 56 53 29 49 28 57 44 60 12 63 40 22 19 31 14 42 23 9 52 26 24 2 38 59 10 20 27 51 3 54 30 18 36 8
18 20 19 51 27 8 26 35 30 14 12 1 7 2 33 55 22 15 36 50 40 21 4 39 37 32 49
19 20 18 15 62 53 60 10 41 7 8 14 26 28 43 22 29 30 54 55 56 32 50 57 48 39
20 19 18 57 38 29 49 40 27 15 26 11 21 46 31 42 7 23 53 61 1 48 55 47 58 39 16 44 59 41 63 17 24 14 13 8 25 51 50 35 5 28 3 2 37 33 34 43 22 54 45 56 9 12
21 17 58 9 30 13 18 51 29 60
22 25 39 17
23 24 28 26 47 48 4 40 7 19 10 22 34 41 2 1 9 43 3 21 44 17 53 56 13 50 12 42 54 62 31 45 8 46 6 39 37 36 49 51 35 57 11 61 18 59
24 23 28 57 60 4 40 22 10 63 5 36 46 18 50 3 61 33 51 42 14 32 58 59 43 47 45 9 34 27 55 17 6 20 25
25 22 36 20 1 35 38 60 23 32 57 19 15 17 21 39 33 42 13 3 37 63 27 48 11 46 62 18 34 52 16 50 56 61 4 54 5 9 2 28 10 45 47 29 30 51 43 55 58 14 26 7 40 8 6 41 53 59 31
26 27 37 43 14 3 10 58 12 32 59 42 7 45 15 29 41 49 24 23 52 61 13 35
27 26 23 58 39 45 20 32
28 24 23 62 35 33 6 56 49 59 54 32 47 36 12 10 11 30 34 15 14 25 43
29 35 7 57 58 59 54 55 4 12 46 11 51 37 18 61 63 9 15 6 44
30 34 31 16 8 17 20 33 26 45 22 62 50 40 2 7 55 52 14 23 1 41 19 3
31 30 34 5 51 46 7 53 10 29 37 42 9 15 56 2 12 38 14 20 28 54 1 24 44 45 47 25 17 39 8 41 4 57 22 16 36 32 61 11 13 63 35 49 3 48
32 33 4 23 7 62 31 17 40 25 27 45 51 5 61 10 63 36 24 13 59 54 15 6 11 52 49 9 20 8 48 19 12 50 2 47 39 57 56 22 14 53 1 28 42
33 32 31 21 22 17 34 44 3 19 48 63 15 42 25 5 27 56 35 40 39 2 55 9 11 46 30 58 51 13 37 12 47 49 10 7 23
34 30 31 48 47 15 56 23 6 54 3 44 28 4 13 11 17 12 14 55 49 57 22 33 16 59 26 45 39 41 27 36 1 51 60 8 43 7 42 63 9 58 20 50 18 10 24 25 35 19 46 61 40 37 32 38 21
35 29 47 33 22 23 28 8 18 27 42 21 45 58 1 14 40 26 60 24 25 20
36 38 41 30 53 55 13 18 61 47 11 7 25 48 1 23 59 16 15 2 14 54 24 33 63 5 26 60 57 4 39 62 34 51 46 3 56 9 22 21 42 20 50 10 32 52 58 49 12 35 28
37 39 31 4 57 14 6 63 42 24 21 28 35 5 49 26 30 60 58 1 43 34 44 48 20 17 45 29 23 46 33 27 16 2 36 7 12 32 3 47 9 50
38 36 41 4 34 44
39 37 41 45 51 18 4 15 42 49 2 61 30 8 43 17 6 53 16 59 55 48 11 36 21 34 3 54 20 60 23 47 1 50 31 52 22 29 35 58 10 46
40 42 18 27 51 29 3 34 11 58 4 28 6 24 10 21 54 32 12 15 63 43 19 14 13 8 31 50 62 39 2 55 56 25 60 36 49 17
41 36 38 43 6 56 45 47 37 58 5 13 26 30 62 28 52 4 44 57 46 60 10 33 14 54 23 59 31 18 48 12 39 61 1 63 34 7
42 40 32 36 4 49 54 20 30 28 9 26 1 58 57 19 45 37 50 18 31 21 27 3 41 47 44 53 7 13 52 43 29 25 51 59 48 17 2 34 10 56 24 15 22
43 47 49 41 39 24 58 11 45 44 31 53 5 6 23 37 46 54 40 42 61 27 9 20 7 12 29 48 14 55 4
44 48 4 56 42 31 55 33 47 57 19 12 14 62 46 13 17 5 43 50 59 58 34 18 28 63 49 53 24 27 37 61 35 52 6 23 1 16 7 8 45 40 30 54 29 22 21 10 9 38 20 36 41
45 46 17 43 25 37 48 52 55 21 5 63 47
46 45 34 19 57 38 3 59 1 47 51 7 37 28 2 43 13 21 54 31 10 62 30 58 4 35 14 9
47 43 49 61 53 31 14 55 3 52 20 16 35 32 12 4 5 41 42 1 23 18 30 6 34 24 39 36 50 37 27
48 44 14 41 19 49 40 34 8 6 28 21 26 60 15 32 2 38 12 61 7 51 16 56 27 31 33 13 53 23 24 17 20 25 37 62 39 46 58 36 1 57 5 18 63
49 43 47 35 48 52 11 27 9 31 61 56 57 42 45 24 19 37 51 3 63 34 44 59 54 2 21 36 26 62 15 32 60 6 25 13 22
50 53 60 33 6 35 27 16 40 58 42 19 34 21 22 38 13 10 23
51 55 56 52 15 41 37 48 43 57 58 13 10 2 24 3 33 5 28 39 21 53 18 47 38 61
52 54 28 12 13 55 62 4 17 38 53 15 2 57 59 34 14 21 40 48 10 42 30 20 31 49 19 35 6 63 24 50 16 45 58 11 56 9 39 51
53 50 16 20 10 25 60 34 45 4 11 38 8 39 63 29 54 9 7 23 3 57 12 46 47 30 56 1 24 15 13 21 58 5 35 32 41 19 37 6 31 22
54 52 12 59 25 6 24 48 32 5 23 1 2 17 19 46 41 8 57
55 51 56 6 2 36 33 29 22 19 46 13 39 1 9 15 10 62 8 42 4 35 41 54 24 23 43 25 11 38 5
56 55 51 39 4 27 63 16 46 33 42 44 59 19 31 7 22 53 49
57 60 10 4 37 59 15 38
58 61 22 19 1 14 17 35 41 21 10 54 53 9 47 25 3 52 45 59 33 28 38 2 27 43 7 36 39 18 31 37 56 57 50 15 5 4 6 42
59 63 62 14 10 53 31 29 45 13 39 25 18 35 28 15 21
60 57 7 39 3 24
61 58 60 13 11 33 20 7 22 50 19 8 46 34 6 2 47 41 55 51 40 63 30 45 10 9 38 39 59 17 28 16 57 5 36 21
62 59 63 29 58 19 43 44 36 31 41 16 18 57 4 24 32 53 9 51 10 45 21 38 7 13 28 54 52 30 46 11 1 55 47 25 56 37 17 34 60 2 50 22 8 40 49 27 26 14 20 23 3 42 15 61 12 5
63 59 62 15 43 14 39 9 58 27 30 8 6 25 61 10 18 45 44 38 47 12 31 26 32 36 33 23 51 42 55 37 24
