28
1 5 15 17 23 16 3 6 27 20 26 12 2 18 13 7 8
2 4 7 8 17 24 1 28 18 6 26
3 6 12 13 27 25 17 9 28 22 24 19 21 26 4 15 23 11 5 1 14 10 2 8 18 7 20 16
4 7 2 8 25 9 15 14 3 20 10 16 26 21 18 23 24 27 22 6 1
5 1 17 6 11 7 13 20
6 3 5 18 26 11 9 12 8 4 24 14 13 22 10
7 4 2 24 23 16 26 28 10 19 12 3 6
8 12 13 15 25 19 21
9 11 12 21 26 28 3 18 22 6 19 2 13 17 7 16 15 14 20 25 10 24 4 5 27
10 14
11 9 19 2 7 1 24 6 22 12 5 18
12 8 13 1 19 24 21 17 7 6 20 5 9 14 22 15 16 10 2 3 23
13 8 12 2 23 1 7 6 22 25 14 27 20
14 10 22 25 21 26 15 12 8 7 19 18 23 20 3 9 5 24 17 4
15 21 13 25 14 23 2 16
16 19 18 5 3 21 22 11 9 26 23 7 13 8 28 27 6 20 17 10 15 1 25 24 2
17 20 7 11 26 6 25 14 24 28 3 15 12 16 1 10 18 27 9 13 19 8 21 4 2
18 19 16 6 1 12 7 4 26 2 13 22 20 8 27 10 3 23
19 18 16 28 1 8 24 2 23 26
20 17 7 1 6
21 15 6 26 10 13 22 19 7 9 12 3 14 17 25 4 23 8 20 28 5 24 27 11 1 2
22 27 16
23 24 25 14 15 16 20 18 3 1 6 13 27 28 10 7 19 9 17 22
24 23 27 2 16 8 14 7 21 3
25 26 28 8 22 18 11 27 10 6 21 20 12 15 4 3 16 17 1 24 19
26 25 28 7 21 16 27 3 13 10 12 14 11 1
27 22 11 2 21 10 26 8 12 20 16 14 17 9 18 6 1 5 24 25 23 7 3 28
28 26 25 7 24 1 8 13 27 20 18 10 3 9 6 12 2 11 23 17 16 4 5 19 15 14 21 22
