70
1 4 6 50 13 57 68 49 53
2 5 59 54 41 19 4 1 21 48 32 67 50 35 46 51 8 15 40 58 9 45 26 52 47 22 39 12 29 53 33 20 56 24 66 17 43 64 57 18 7 55 70 68 11 42 28 16 30 23 10 25 65 13 3 62 6
3 7 18 50 49 68 22 32 15 42 36 44 38 20 45 67 47 13 23 61 4 5 58 30 69 1 33 16 34 27 12 19 59 52 57 39 56 35 37 41 48 54 51
4 6 1 10 21 30 43 22 69 58 27 23 16 59 9 53 33 12 55 67 35 54
5 2 24 38 13 1 50 31 26 42 35 41 36 4 68 51 22 23 45 67 20 40 6 15 48 28 18 47 63 58 65 62 60 44 29 21 59 10 66 12 17 53 52 32 33 14 39 7 16 8 49 19 34 64 37 11 9 54 3
6 4 1 16 62 59 54 48 49 11 52 21 19 68 15 55 7 5 38
7 3 32 68 30 41 66 55 12 56 10 27 31 35 11 36 39 70 15 58 19 54 45
8 12 70 65 63 44 64 19 59 29 62 10 3 69 16 20 2 28 53 26 15 1 18 6 37 51 7 46 9 5 54 22 17 30 47 68 57
9 10 58 55 52 44 34 37 12 67 25 20 2 46 68 40 63 59 36 56 64 30 15 61 26 14 41 1 18 17 54 4 50 7 38 39 32 45 21 65 35 49 51 22 11
10 9 6
11 14 13 46 4 7 34 21 16 27 19 53 58 5 12 17 54 68 20 35 50 2 48 44 38 60 55 36 51 9 65 62 39 67 22 52 43 47 45 63 29 8 6 56 28 64 69 18 26 41 33 42 32 66 59 23 70 25 49 10 1 57
12 8 5 57 35 54 17 61 26 32 29 15
13 14 11 41 64 9 33 1 10 8 54 18 52 25 22 5 68 44 51 42 66 58 38 17 21 60 4 43 3 16 26 23 6 20 70 27 2 40 57 15 46 63 29 19 61 24 34 7 47 39 35 62 53 48 12 36 49 67 55 65 56 69 50 32 45 59
14 13 11 44 24 6 52 46 62 23 67 70 17 45 22 3 39 7 68 41 9 54 5 49 53 50 37 8 31 28 33 15 16 56 20 21 64 12 4 27 51 26 35 43 38 1 40 2 65 10 58 34 69 29 59 18 32 36 66 60 19 30 61
15 19 17 34 56 36 4 70 25 62 54 66 67 16 9 18 42 14 33 43 1 24 21 44 51 39 37 32 2 35 52 7 50 28 23 63 47 13 46 65 31 58 5 12 55 45 68 57 49 8 41 64 30 26 29 6 61 11 10 59 60
16 18 70 30 57 15 20 13 60 23 25 36 50 12 52 63 62 26 58 29
17 19 15 52
18 16 50 58 7 28 30 67 32 65 46 2 19 52 53 14 11 3 59 57 13 23 10 24 4 48 45 54 9 12 41 56 49 34 42 36 47 66 64 33 5 69 26 39 25
19 15 17 58 70 23 37 39 14 45 55 5 6 64 13 11 63 68 35 27 33 62 8 67 22 60 32 21 4 52 44 49 3 34 9 42 20 12 29 10 2 48 50 61 66 65 57 38 24 59 26 25 54 56 7 53 1 28 51 69 41 18 30
20 21 41 70 40 54 36 34 1 35 23 5 17 11 32 49 30 46 26 56 43 51 42 60 45 65 13 33 69 8 7 16 57 28 38 64 52 62 59 22 61 31 25 29 67 66 48 27 15 39 10 63 50 9
21 20 14 12 27 24 49 63 2 58 65 51 39 59
22 27 26 70 12 46 59 52 9 41 64
23 28 16 33 32 69 66 67 11 22 39 15 19 35 46 34 58 4 37 47 14 27 8 3
24 25 27 48 23 12
25 24 38 9 41 56 27 1 6 51 16 26 3 18 57 61 29 48 58 37 4 46 59 20 7 68 10 67 8 45
26 27 22 18 45 6 37 9 11 7 52 55 66 57 59 44 14 50 51 63 21 38 25 10 69 54 17 62 30 12 28 23 32 53 33 42 67 61 35 16 47 13 68 5 34 46 4 15 2 31 8 29 39 48 56 36
27 22 26 24 63 14 53 46 15 32 2 41 64 45 52 62 58 10 34 23 9 49 50 16 38 31 67 51 1 56 55 39 20 5 65 21 35
28 23 2 21 25 61 44 64 56 70 32 69 59 68 54 62 65 3 55 60 26 46 34 45 35 66 49 58
29 33 31 6 60 66 36 23 45 21 41 1 37 19 43 56 69 67 70 15 52 65 9 51 20 24 32 48 54 2 14 10 27 42 28 25 40 39 26 4 50 3 64 16 18 47 62 34 44
30 34 65 9 61 31 15
31 33 29 47 68 5 21 53 16 26 20 18 48 3 63 36 23 15 45 43 62 7
32 35 30 25 47
33 29 31 23 62 32 4 46 21 55 35 34 54 57 44 39 69 37 67 70 10 52 43 5 65 7 66 38 2 14
34 30 51 59 16 61 15 10 50 26 69 46 41 43 48 45 11 23 39 14 33 56 25 70 55
35 32 68 56 47 4 39 64
36 37 49 6 55 57 64 27 40 24 32 15 23 11 21 48 30 35 2 54 31 33 18 53 67 34
37 36 11 49 22 7 5 34 21 12 6 26 39 57 29 52 4 1 23 25 31 2 19 18 13 43 59 50 45 42 32 70 3 44 51
38 40 39 49 68 4 5 34 3 28 17 15 19 7 58 54 32 12 63 20 10 8 53 42 23 35 47 56 33 52 57 22 45 18 11 66 29 36 26 6 21 65 30 64 50 69
39 40 38 12 9 22 34 26 20 11 44 59 50 64 6 68 57 28 41 31 45 24 7 60 27 21 4 19 8 37 56 15 32 17 66 29 18 23 30 35 14 33 58 48 63 52 51 10 13 2 47 49 67 61 55 70 3 65 1 42 5 43 46 25 62 54
40 39 38 20 43 7 5 14 53 17 59 35 52 10 1 8 30 61 69 46 44 33 32 54 31 67 29 36 62 48 26 22 4
41 42 23 9 45 7 11 37 17 56 67 40 60 70 46 8 30 66 22 5 31 57 55 49 50 19 28 43 32 2 6 44 35 3 58 51
42 41 15 30 20 43 24 63 40 44 6 28 32 11 53 60
43 47 46 23 37 62 63 8 58 64 56 59 57 20 1 11 10 70 13 68 6 54 52 3 60 22 12 25 39 16 34 40 15 9 51 48 19 18 67 41 30 50 55 28 7 29 4 32 31 49 65
44 48 69 47 18 57 19 30 46 40 36 31 2 16 33 55 66 3 7 6 14 50 42 29 49 43 59 67 4 35 63 51 13 61 37 41 17 68 34 15 62 45
45 49 23 20 55 48 26 35 58 63 68 14 50 51 28 37 6 8 43 18 11 41 62 33 27 7 12 34 3 2 16 1 47 17 57 36 44 38 54 39 9 59 53 19 13 30 70
46 43 47 42 4 32 19 2 33 54 29 25 69 27 12 52 40 1 24 17 53 70 58 23 13 63 62 18 11
47 43 46 63
48 44 39 67 14 12 62 26 10
49 45 37 54 31 69 40 57 53 26 16 61 66 25 19 13 9 18 21 33 70 6 56 35 44 30 62 5 34 48 20 38 3 7 2 28 1 39 52 8 32 63 17 29 10 41 67 27 64 59 46 12 23 11 60 4 68 14 47 43 42 24 15 51 58 50 36
50 51 55 59 5 60 64 26 66 45 36 62 11 52 53 33 57 18 44 21 38 13 23 58 17 34 10 68 14 70 63 25 2 8 46 37 29 65 3 20 43 61 9 56 49 19 16 28 1 67 47 22 31 39 15 54 12 24 41 48 30 27
51 50 55 5 69 52 35 23 34
52 56 27 21 61 59 11 62 44 43 47 15 49 58 60 32 35 23 42 28 12 19 51 41 66 14 1 16 54 18 17 22 53 4 25 68
53 54 46 21 5 4 66 9 47 48 18 3 6 37 24 41 49 15 65 13 55 64 61 8 11 69 36 68 44 12 33 29 38 62 59 20 52 10 42 23 56
54 53 51 57 62 60 5 35 16 63 4 2 22 9 23 38 39 7 56 70 55 44 49 26 31 50 64 25 14 69 17 48 36 68 20 15 21 18 52 8 58 67 46 32 61 65 28 47 6 27 40 41 37 30 10 29
55 51 50 10 62 58 54 21 52 44 5 69 34 18 29 61 56 12 2 47 20 27 6 41 35 37 3 26 59 64 31 70 48 4 60 45 57 17 14
56 52 37 14 7 63 11 15 31 60 49 5 20 36 21 8 26 18 4 66 62 53 64 9 28 17 27 59 35 25 61 44 55 6 43 3 48 2 42 24 23 69 70 19 58 68 51 65 30 45 12 39 32 10 33 38 41 67 16
57 63 2 20 17 43 27 31 11 69 6 65
58 61 39 65 27 11 14 12 9 25 34 38 32 57 60 29 20 10 33 6 56 43 7 28 31 8 37 45 67 50 15 64
59 62 60 40 55 30 33
60 62 59 38 17 44 23 15 47 43 45 10 50 27 5 69 63 24 34 31 4 9 48 32 33 21 58 66 25 52 18 28 42 54 3
61 58 37 31 64 41 4 33 24 38 8 46 27 34 68 13 30 57 67 45 22 53 66 35 2 18 28 5 23 14 10
62 60 59 17 28 4 51 67 66 63 41 31 47 58 27 6 55 23 14 43
63 57 27 9 45 62 68 4 44 17 18 50 2 66 36 56 7 1 24 38 19 39 67 32 60 43 42 61 51 23 21 14 29 10 25 20 47 28 30 33 8 11 58 70 54 46 64 53 55 41 26 12 37 65 16 35 34 69 40 6 22
64 65 69 61 33 23 52 25 68 27 22 36 35 39 32 18 14 29 43 2 51 1 28 7 42 46 59 13 24 57 60 53 4 3 48 15 50 10 20 19 44 47 54 63 38 45 9 5 12 41 11 40 58 26
65 64 69 22 2 13 67 60 15 42 26 47 32 23 25 31 49 54 57 55 20 41 7 19 51 33 6 46 53 30 27 45 35 50 37 10 70 18 3 38 61 56 11 9 66 48 40 36 1 59 21 39 14 8 68 17 5 58 62 34 63 29 24 43 28 16 52 12 44
66 70 36 51 13 30 37 10 38 50 44 24 52 55 41 60 11 53 35 5 18 9 69 17 59 45 32 12 8 48 47 68 64 19 65 43 27 67 63 21 58 16 56 23 15 57
67 68 54 53
68 67 49 15 52 28 14 20 65 53 61 17 24 29 54 39 9 45 43 60 3 70 57 36 33 19 41 6 51 10 23 21 27 58 69 7 4 25 62 50 2 35 59 48 40 1 38 16 32 63 22 44 8 13 64 56 55 18 34 42 30 47 37 46 31 5 66
69 64 65 19 1 15 9 13 54 61 8 47 53 38 70 57 43 12 20 14 59 60 30 62 11 17 35 4 46 22 37 39 66 25 45 5 67 24 21 33 27
70 66 33 51 67 37 28 17 65 25 60 41 24 4 30 47 20 36 12 55 42
