49
1 6 2 34 45 33 21 24 35 7 44 41 10 17 22 20 40 28 4 39 15 23 29 30 18 38 19 14 46 43 25 13 37 48 32 36 9 27 8 49 47
2 6 1 41 31 39 32
3 7 20 13 18 45 38 26 12 39 32 19 36 30
4 5 27 1 45 19 41 24 39 16 2 26 36 12 48 22 3 13 23 10 47 21 18 15 8 6 31 7 35 33 32 11 40 25 42 46
5 4 17 48 18 16
6 2 1 36 24 25 28 16 9 30 47
7 3 26
8 12 26 42 47 45 31 4 25 34 38 24 13 43 23 30 16 49 17 41 3 35 5 7 32 40 1 36 39 44 11 10 21 18 29 20 27 22 33 48 14 2 6 9 15 19
9 11 10 43 24 7 23 15 22 13 48 33 16 41 27 32 35 12 17 6 5 26 45 3 39 2 40 18 29 19 38 28 14 1 49 30
10 9 11 28 30 25 26 14 1 19 27 37 15 47 18 34 16 23 35 45 33 32 8 46 12 39 24 17 48 2 31 6 4 22 49 41 44 29 7 13 40 3 43 42
11 9 10 39 15 37 8 31 26 23 24 48 45 16 22 30 36 6 17 3 25 1 32 34 27 28 4 33 7 46 20 29 2 43 38 47 21
12 8 28 5 32 31 16 3 38 20 23 19 33 2 18 11 44 17 26 46 21 47 14 29 6 42 25 45 34 4 10 24 43 13 1 48 35 37
13 14 8 5 43 28 1
14 13 39 33 43 28 29 34 11
15 16 21 10 38 25 2 13 20 39 14 49 1 4 46 26 7 9 44 6 3 11 34 35 42 30 27 19
16 21 15 6 44 38 42 33 2 39 46 12 1 5 8 3 17 24 19 49 18 10 43 14 22 34 23 11 48 35 47 27 31 4 13 29 41 45 20 36
17 19 1 46 44 35 42 32 7 37 25 39 36 10 45 4 47 3
18 20 45 29 9
19 17 39 2 30 1 37 24 5 23 12 38 18 6 4 26 15 3 36 45 31 47 32 28 34 27 33 13 43 35 16 22 7 14 48 29 40 46 11 44
20 18 5 7 35 29 28 31 25 38 33 26 4 9 12 1 21 8 11 15 44 3 39 2 49 40 19
21 16 15
22 24 3 29 8 37 19 35 45 32 13 5 33 7 16 30 6 46 26 11 21 38 1 44 4 42 43 25 18 9 47 12 39 2 40 49 14 27 28 15 48 20 17 34 41 23 36
23 25 42 12 19 48 6 4 18 14 10
24 22 8 25 36 30 38 20 2
25 23 11 3 7 44 46 9 14 32 47 37 30 21 10 36 24 6 28 5 26 13 12 43 8 42 1 27 40 22 17 4 19 39 49 35 38 34 20 2 41 45 15 33 48 16 29
26 27 28 8 13 6 39 11
27 28 26 11 8 49 22 7 48 14 34 20 17 23 30 43 18 21 13 46 2 42 31 19 35 41 6 10 5 47
28 27 26 22 2 24 10 39 1 9 11 19 3 5 44 25 34 4 40 45 37 32 43
29 31 3 38 11 28 33 43 26 12 13 17 4 45 36 15 41 48
30 34 33 14 43 28 23 40 15 4 25 11 44 42 10 2 9 39 32 21 17 35 45 12 6 29 22 13 48 49 46 36 18 37 24 19 5 16 8 20 7 1 47 26 38 31 3 27 41
31 29 42 43 13 3 8 12
32 35 28 10 37 27 18 5 1 11 47 49
33 34 30 28 25 3 9 1 16 46 20 48 24 21 45 14 49 4 12 5 31 10 41 43 39 42 47 2 11 19 27 18 32 15 36 17 35 22 44 40 6 37 7 8
34 33 30 49 28 45
35 32 43 31 1 19 38 37 28 17 41 25 49 26 10 7 27 6 42 24 18 22 4 8
36 37 14 7 10 27 11
37 36 7 39 42 35 19 45 38 49 3 9 47 40 24 2 6 22 44 46 21 4 12 31 16 17 28 23 29 48 41 10 18 33 14 11 32 1 5 34 26
38 42 12 37 45 3 26 24 47 40 41 27 43 28 32 20 17 22 10 11 33 25 1
39 40 41 20 38 4 23 31 22 21 42 34 2 25 1 12 43 45 24 33 32 13 14 37 19 30 26 47 36 44 10 17 18 27
40 39 41 22 13 43 33 11 3 47 6 45 44 2 26 8 49 10 19 35 1 32 12 16 38 34 7 9 48 17 18 28 37 29 21 31 4 27 30 5 42 23 24 14 20 46 15 25 36
41 40 39 44 43 24 38 22 15 35 32 4 28 3 23 47 36 1 6 2 21 25 27 13 8 37 30 16 31 49 17 12 42 26 9 7 29 33 20 14 48 19 45 10 18 5
42 38 3 8 11 18 39 6 19 7 1 25 27 23 33 49 34 15 20 32 28 44 46 10 16 45 30 17 35 37 43 4 9 24 40 47 36 2 5 31 48 14 29 13 22 12 41
43 46 47 32 31 18 6
44 48 20 41 8 23 49 22
45 49 28 48 6 15 25 16 23 8 38 9 1 41 29 46 33
46 43 47 23 28 48 26 20 24 25 1 2 45 17 11 44 21 31 4 9 27 7 32 33 40 30 39 15 8 6 35 41 3 14 18 13 5 29 10 16 37 38 34 19 36 22 12 49 42
47 43 46 17 33 41 11 25 29 14 37 30 12 16 26 38 44 48 32 10 34 23 1 40 18 4 15 13 45 21 35 39 6
48 44 10 32 22 46 37 30 45 5 11 16 6 29 21 23 28 31 1 25 13 34 9 33 8 26 43 20 27 49 19 24 40 15 2 18 7 36 39 17 47 35 3 38
49 45 34 12 17 3 47 44 43 33 31 23 25 38 32 27 20 48 4 30 11 41 13
