84
1 3 6 10 11 13 15 19 21 23 25 26 27 28 33 34 36 38 39 40 41 47 50 51 53 54 55 56 57 59 62 63 64 66 68 71 72 73 75 79 83 84
2 4 5 7 11 12 16 17 24 25 26 27 28 32 35 36 38 39 40 44 45 50 51 54 57 59 60 61 63 65 66 67 68 69 70 71 72 73 74 75 76 77 78 79 80 82 83 84
3 2 4 11 12 14 17 20 21 23 25 26 27 28 30 31 33 35 36 39 42 43 45 49 51 53 54 58 59 63 64 66 67 68 69 76 78 79 81 83
4 1 2 3 7 8 9 10 11 12 13 15 16 19 20 21 22 23 25 26 27 29 30 33 35 36 38 39 41 43 44 46 48 51 52 54 59 62 64 67 71 72 75 77 78 80 83
5 1 6 7 9 10 11 12 14 17 19 28 29 33 43 45 46 47 49 50 56 59 62 64 65 66 67 69 71 72 73 74 75 76 77 80 82 84
6 1 2 5 9 11 12 13 14 16 17 21 22 23 24 27 31 34 36 37 39 40 41 48 50 51 53 55 57 59 60 64 65 70 71 72 73 75 77 78 82
7 2 3 4 6 11 13 17 18 19 22 23 29 31 36 38 39 40 41 43 44 45 50 52 53 55 57 59 63 67 68 70 72 73 74 76 78 79 80 82 84
8 3 4 6 7 12 17 21 24 25 27 28 32 41 42 43 45 47 49 51 52 53 55 57 58 59 60 65 67 69 71 72 75 78 79 83
9 4 5 6 11 14 16 17 19 20 21 22 24 26 29 30 31 33 34 36 39 40 41 47 48 50 52 53 54 56 57 58 60 62 64 66 67 68 69 70 74 75 78 81 83 84
10 1 3 5 6 7 9 12 13 14 15 16 19 20 21 24 25 28 30 31 32 33 35 39 40 41 46 47 50 54 56 58 61 62 63 64 65 68 69 70 73 76 77 79 81 82 84
11 1 2 3 5 10 13 14 16 17 19 20 21 23 25 26 28 30 32 34 35 40 43 44 46 49 50 52 55 57 62 63 64 65 67 68 70 71 73 75 76 78 79 80 82
12 1 2 3 4 7 10 11 13 14 16 25 27 29 30 31 32 33 34 35 38 42 43 44 48 49 50 51 56 60 63 65 66 69 73 75 77 80 84
13 2 3 4 7 9 10 11 18 19 21 22 23 24 25 26 28 29 33 34 35 37 38 40 42 44 46 47 48 50 51 52 56 57 59 60 62 64 65 68 70 72 77 78 79 80 82 83
14 1 3 9 10 12 13 15 16 17 20 21 22 24 26 30 31 33 35 38 40 41 42 43 45 48 50 53 55 58 60 63 64 65 66 68 69 70 71 72 74 75 76 77 78 79 80 81 82 83 84
15 1 3 4 7 16 18 20 24 25 28 31 32 33 34 36 38 40 45 47 48 51 52 54 55 56 60 61 62 63 65 66 68 71 72 74 75 80 82 83
16 1 2 5 6 8 10 11 14 15 18 19 20 22 23 24 30 37 41 43 46 49 51 52 53 56 59 61 62 67 68 69 70 71 73 74 77 83
17 1 2 3 5 6 7 9 10 11 12 13 16 19 25 26 29 32 33 34 35 36 38 40 42 43 44 46 47 48 50 51 54 55 58 60 62 64 65 66 68 70 72 74 76 77 81 82 84
18 3 6 9 10 11 12 14 15 17 19 20 22 28 33 34 35 36 37 38 40 41 43 44 45 46 47 48 52 53 54 57 58 60 62 63 66 69 70 74 77 80 82 83 84
19 1 4 5 6 9 13 16 17 21 26 28 29 31 34 35 40 41 43 44 46 48 49 52 53 55 61 62 63 64 66 71 72 73 74 75 77 81
20 1 4 7 12 13 14 15 16 19 24 25 26 27 29 31 32 33 34 35 38 39 40 41 42 43 47 48 49 50 51 53 58 61 62 65 68 71 73 75 81 82 83 84
21 1 5 9 10 12 13 15 16 17 19 20 22 24 26 28 29 31 32 34 36 38 40 41 43 44 47 49 50 51 52 55 57 61 63 64 68 72 73 75 76 77 79 80
22 2 9 11 12 13 14 15 18 19 20 21 23 24 25 27 30 31 33 34 38 41 42 43 46 47 48 49 52 56 57 58 59 61 62 63 64 66 67 71 73 74 75 76 77 78 79 80 82 84
23 2 7 13 15 18 19 20 22 25 30 31 33 34 35 36 39 40 41 42 43 45 48 49 50 55 57 60 65 66 72 73 74 76 78 79 80 81 82 83 84
24 2 5 6 7 9 10 12 13 14 18 19 21 22 26 28 30 31 32 33 37 38 39 41 42 48 49 55 58 59 60 62 63 65 66 67 69 71 72 73 74 75 77 79 81
25 1 3 7 10 12 13 15 17 18 21 23 24 26 27 29 30 33 35 39 40 46 47 50 51 53 54 56 57 58 68 69 70 71 74 76 77 81 84
26 1 2 6 7 9 12 15 16 19 23 24 25 27 31 39 43 45 47 48 53 55 56 57 58 59 60 62 67 69 72 73 75
27 1 2 4 5 6 8 9 10 12 14 15 16 23 25 26 31 32 35 37 38 42 43 44 50 51 53 54 56 62 63 64 66 69 74 75 79 80 82 84
28 1 2 5 7 8 14 16 17 18 21 25 26 27 29 30 31 33 34 35 37 38 39 44 46 47 52 54 55 56 57 59 61 63 64 65 67 68 70 72 73 74 76 79 80 81 82 83
29 1 3 4 5 12 13 16 17 18 23 28 31 32 34 36 38 40 42 43 44 46 48 51 54 57 58 61 63 64 67 70 71 72 74 76 77 78 79 81 83
30 2 3 6 7 8 15 16 21 23 25 26 27 33 35 36 37 38 45 46 47 48 49 54 56 57 60 61 62 66 67 68 71 73 76 77 79 80 81 83
31 2 3 4 6 7 9 10 13 17 20 21 23 25 26 28 30 33 35 40 42 45 47 49 51 53 57 58 67 68 71 72 73 77 78 79 81 82 83
32 3 4 6 12 16 19 20 22 25 26 29 33 37 39 42 43 46 47 49 50 52 56 58 59 61 62 63 66 68 71 74 77 79 80 83
33 3 5 6 7 8 9 10 16 18 19 20 23 24 26 27 34 41 43 47 48 52 55 57 58 59 68 69 73 77 78 79 82 84
34 3 5 7 9 10 11 12 14 16 20 22 25 33 37 38 39 42 43 45 47 52 53 54 56 57 58 61 64 65 69 72 76 78 81 82 84
35 1 2 3 6 8 11 12 13 15 17 19 22 25 29 31 32 33 34 36 39 41 43 45 46 47 48 50 51 54 56 61 62 63 64 66 69 72 75 76 78 80 82 83
36 1 4 5 6 8 11 13 14 16 19 22 26 27 30 33 34 37 39 41 43 44 49 50 52 53 54 55 57 58 60 62 64 65 69 70 71 72 74 75 76 78 81 82 83
37 1 2 3 6 7 10 14 16 17 19 20 21 23 24 25 27 28 29 30 34 40 41 43 46 48 49 52 55 58 60 61 62 63 65 67 68 72 73 76 78
38 2 3 4 5 6 7 8 11 12 13 15 17 18 19 20 23 24 25 28 29 31 32 34 37 40 47 48 52 54 56 58 59 67 69 71 72 77 84
39 4 5 6 8 11 12 14 15 20 22 23 27 28 30 31 34 35 38 41 42 44 45 46 47 51 53 54 55 56 57 58 59 62 65 66 67 68 69 70 71 72 73 74 75 76 77 78 80 83
40 2 4 5 6 7 8 9 10 11 13 19 21 22 23 25 26 28 31 33 34 36 37 38 39 41 43 44 46 49 51 56 60 62 63 66 68 71 72 74 80 81 82
41 4 7 8 9 10 11 12 13 16 20 21 22 25 26 27 29 32 33 36 37 38 40 46 49 50 51 53 55 57 59 60 61 66 69 71 74 77 78 79 83
42 1 3 4 5 6 9 10 11 13 14 15 16 18 20 22 23 24 25 26 27 29 31 32 33 35 37 40 41 43 46 56 60 61 63 66 67 71 73 75 76 77 79 83 84
43 1 7 9 12 13 15 17 18 19 26 28 29 30 32 34 40 42 44 46 47 48 49 50 51 53 54 55 59 60 61 62 64 66 67 70 71 75 77 80 81
44 1 5 6 7 8 9 11 13 15 17 19 21 24 25 30 35 36 37 38 40 41 42 46 52 53 54 56 57 60 61 62 66 68 70 71 72 73 74 75 77 79 81 83 84
45 1 2 4 5 6 7 9 13 14 15 20 21 24 27 29 32 37 39 41 42 43 48 49 52 56 58 62 63 65 66 67 68 71 72 73 74 75 80 84
46 3 4 6 12 13 15 16 17 18 23 25 27 28 30 36 37 38 39 40 41 44 48 49 50 54 55 56 57 60 63 65 68 69 76 77 80 81 83 84
47 2 3 7 8 9 10 13 15 16 21 23 24 25 26 27 29 30 31 32 33 34 39 41 43 45 46 51 52 53 54 55 56 58 61 62 63 64 65 68 69 70 72 78 83
48 1 2 4 6 7 9 10 11 13 16 17 18 19 22 23 24 28 31 32 34 41 44 50 51 54 59 60 61 62 63 64 66 68 69 70 71 75 76 78 79 84
49 1 4 7 10 11 13 15 19 23 24 25 26 27 29 37 38 41 42 46 53 56 57 60 61 63 68 69 70 71 73 74 82 83
50 5 6 7 13 14 15 17 18 21 22 23 26 28 29 30 32 33 35 36 37 38 40 46 49 51 54 59 63 64 65 66 68 71 73 75 76 78 81 82
51 1 2 3 6 8 9 10 11 13 15 17 18 20 22 23 25 26 28 29 33 35 36 38 39 40 41 43 44 45 48 53 62 63 64 68 69 70 71 72 73 74 75 76 78 80 81
52 1 2 3 11 12 13 20 21 23 28 30 33 36 37 38 41 43 44 45 46 50 51 53 54 55 56 57 58 59 62 63 66 67 68 71 72 74 76 77 79 82 84
53 3 5 6 7 10 11 12 13 14 18 21 22 23 25 26 27 30 31 32 33 35 36 38 41 42 43 44 46 49 54 55 60 61 63 65 68 70 72 73 74 76 78 79 80 82 84
54 1 4 6 7 10 11 13 15 20 21 26 27 29 30 32 33 34 35 36 39 40 41 43 44 48 50 51 52 53 55 56 63 64 66 68 69 70 71 78 82 84
55 1 6 7 9 10 11 13 15 16 22 25 27 28 29 30 31 32 33 35 36 38 39 45 50 52 54 56 58 59 60 61 62 63 64 66 68 71 73 74 76 77 80 81 83
56 1 2 3 4 5 6 7 8 14 15 16 17 21 24 28 29 30 31 33 35 36 40 41 42 43 44 45 48 54 55 60 61 63 66 67 69 70 72 76 77 78 80 81 82 83
57 1 3 9 10 12 13 14 19 21 23 25 26 27 29 32 33 34 35 39 40 41 43 45 46 47 48 49 50 51 52 54 55 60 61 62 63 64 67 70 71 72 74 75 77 78 80 81 83
58 1 2 3 6 8 9 10 12 15 17 19 24 25 27 29 30 34 37 38 41 44 46 48 49 50 51 54 56 57 63 65 66 70 71 72 76 78 79 81 83 84
59 1 3 9 11 13 16 21 27 30 32 33 35 36 37 39 40 45 46 47 48 49 50 52 56 57 58 60 61 62 63 65 68 70 71 72 74 75 76 79 80 84
60 2 8 9 13 21 23 25 26 27 30 31 36 39 40 43 46 47 48 49 52 53 54 56 58 59 65 66 67 70 72 73 75 77 78 80 81 82 84
61 2 3 4 5 6 8 11 12 16 22 23 25 26 27 35 36 38 39 40 42 43 44 47 52 53 54 55 56 59 62 64 65 66 68 70 71 72 73 74 76 78 79 80
62 1 8 10 11 12 13 15 17 20 21 23 25 26 27 28 29 33 34 37 38 39 46 49 52 56 58 60 61 64 65 68 72 74 75 77 78 82 83 84
63 1 2 4 5 7 8 15 16 17 18 19 20 23 25 28 29 30 32 33 35 38 40 41 47 48 49 52 56 60 62 64 69 71 75 76 79 80 84
64 2 3 6 11 12 13 14 16 17 18 19 20 22 23 24 26 27 29 33 34 38 39 42 46 48 50 51 54 56 59 61 67 69 70 71 72 73 78 80 82 84
65 1 3 4 6 7 8 9 10 17 18 19 21 25 30 31 33 34 38 40 41 47 49 51 56 57 59 60 63 64 66 69 72 73 76 77 79 80 82 83 84
66 7 9 10 11 12 14 16 17 18 19 20 25 26 28 29 30 31 32 33 34 35 36 38 39 40 41 42 44 46 48 50 52 53 54 55 57 59 62 63 67 68 69 70 72 74 75 76 78 80 81 83 84
67 1 3 5 6 7 10 11 12 13 15 17 20 22 23 25 26 27 28 30 31 32 35 38 39 47 49 53 54 55 56 58 59 60 61 63 64 65 69 71 75 77 80 81 82 84
68 2 5 6 8 10 11 14 16 17 18 20 22 29 30 31 32 36 40 45 46 47 48 50 52 54 55 60 62 65 66 67 69 71 73 74 79 80 81 82 84
69 1 5 7 9 15 16 18 20 22 23 25 26 29 30 34 36 37 38 39 42 49 50 51 52 55 57 60 61 63 64 65 66 68 72 77 78 79 81 84
70 4 7 9 14 15 17 19 21 22 32 33 35 37 38 41 42 43 46 47 48 50 51 53 54 55 56 57 59 60 61 63 64 67 72 77 78 83 84
71 3 6 7 8 13 14 16 18 19 21 22 24 25 27 29 35 36 37 38 43 47 48 51 52 53 54 55 56 58 59 60 62 64 67 74 76
72 1 2 3 4 8 9 11 14 15 16 20 22 23 25 26 32 35 39 43 45 47 50 51 52 55 58 59 60 63 64 65 69 71 73 74 79 80 82 83
73 2 3 5 7 9 10 12 14 15 18 20 21 22 24 26 27 35 44 45 46 47 48 49 50 51 52 53 55 56 59 61 62 64 65 67 68 69 70 72 75 78 80
74 3 7 8 11 12 15 16 18 19 22 23 24 25 29 31 33 37 41 43 44 45 46 47 49 50 52 53 56 57 63 65 66 67 70 71 73 76 79 80 82 83 84
75 1 2 5 6 7 9 10 11 15 16 17 18 19 20 21 23 24 25 26 27 28 29 30 31 34 36 40 41 43 46 47 50 51 52 53 55 57 59 64 66 68 69 72 76 80 83
76 1 3 9 11 12 16 17 21 26 27 28 31 32 35 36 37 39 40 41 42 44 46 48 50 51 54 56 57 58 62 63 66 71 72 73 74 77 78 79 80 82
77 2 5 10 12 13 15 16 17 21 22 25 27 28 29 31 32 34 37 38 39 41 43 45 46 47 48 49 50 51 52 53 54 57 60 61 63 64 65 68 69 71 72 74 76 80 82
78 1 7 11 14 15 16 18 19 20 27 28 29 31 32 35 36 38 40 41 42 44 45 46 50 51 53 54 55 56 61 62 64 68 69 71 72 75 76 77 81
79 3 10 11 12 14 17 18 19 23 31 33 36 37 39 40 45 47 49 51 52 54 55 56 58 59 60 61 62 64 72 74 77 78 80 81 82 84
80 2 4 8 9 10 13 15 19 20 24 26 27 28 29 30 36 37 38 39 40 41 42 44 45 47 51 54 56 57 59 61 62 65 67 74 76 77 81 83 84
81 5 7 8 10 12 13 17 18 21 22 24 25 28 31 33 34 35 37 38 39 40 45 47 48 49 50 51 53 55 57 58 59 61 63 65 66 67 69 70 72 73 77 78 80 82 84
82 1 4 5 6 8 9 10 14 15 16 20 22 23 24 26 29 30 31 32 34 35 39 41 46 47 49 52 53 54 55 56 57 58 59 62 63 66 69 70 71 72 73 74 75 76 78 79 81
83 1 3 5 6 10 12 13 17 18 20 21 23 26 27 28 29 31 33 34 35 36 37 38 39 40 41 45 46 47 48 49 50 51 52 53 55 56 62 65 66 67 68 69 70 74 76 77 82
84 1 3 5 11 13 16 17 18 19 22 23 24 28 30 32 45 46 47 48 50 51 55 56 60 61 65 67 69 70 73 80 83
