21
1 3 4 6 8 9 14 15 16 19 20 21
2 1 3 4 7 8 9 10 11 12 16 17 18 19 20
3 1 4 5 7 8 12 15 19 20 21
4 1 2 3 6 11 14 15 17 18 19
5 2 3 4 8 10 11 12 14 15 17 20 21
6 1 2 3 7 10 11 12 14 15 17 19 20
7 3 4 6 10 12 13 14 15 16 18 19 20
8 2 3 4 5 6 7 9 12 14 15 16 17 18 19
9 2 3 4 5 7 10 11 13 18 19 20
10 1 3 4 5 7 8 9 11 16 17 18 21
11 1 5 6 7 8 9 20 21
12 2 3 7 10 13 14 17 18 19 21
13 1 4 5 6 9 10 11 12 20
14 2 3 4 8 9 16 17 18
15 1 2 4 6 7 8 9 17 18 20 21
16 1 2 4 8 14 15 19 20 21
17 3 4 6 7 8 9 12 13 14 15 20
18 1 2 3 5 12 13 14 16 17
19 2 3 8 11 13 18 21
20 1 3 7 10 11 12 14 16 19
21 1 3 4 5 6 7 9 11 14
