28
1 7 21 3 27 19 24
2 21 11 28 17 16 22 6 12 7 15 8 26 25 27 18 20
3 22 18 10 24 26 23
4 12 23 13 5 18 19 21 3 2 28 11 10 15 20 25 6 8 9 22 24 17 14 16 7 26
5 19 25 28 6 7 12 18 8 9 14 24 1 4 27 22 21 26 11 2 13 15 10 17 3
6 10
7 16 5 22 18 2 11 21 13 23 14 3 20 10 25 8 12 17 15 4 27 1 6 26 19 28 24
8 2 17 18 24 3 4 12 11 22 28 9 16 26 13 19 14 21
9 15 5 24 16 23 1 14 10 12 4 20 22 25 13 8
10 5 16 21 7 20 6 25 27 26 4 9 28 17 15 24 3 23 11 14 8 19 18 13 1 22
11 7 24 13 19 4 17 6 26 2 8 25 27 23 14 5 3 10 28 18 21 22 12 15 1
12 14 23 24 19 1 15 22 9 16 4 17 18 8 10 13 3 25
13 24 17 12 10 16 26 18 11 6 22 21 19 8 2 25 3 4 23
14 4 20 5 18 28 16 22 21 25 1 7 19
15 22 5 2 14 28
16 10 2 27 18 22 25 8 24 28 17 3 15 12 1 11 5 23 9 26 4 6 7 14 20
17 1 25 19
18 19 2 6 16 22 27 1 4 20 9 21 7 14 25 26
19 15 8 26 21 23 3 9 22 7 17 25 18 27 6 5 2 1 13 16 12 11
20 4 1 21 8 6 27
21 25 10 5 16 7 19 20 14 6 15 2 4 1 28 24 13 18 17 3 11 8 22 23 27 9 26 12
22 21 14 10 5 17 8 4 6 1 19 3 11 16 20 15
23 15 1 21 14 20 19 6 28 25 11 27 16
24 25 8 19 5 27 6 23 28 4 20 7 13 9 21 12 15 18 1 16 3 22 10 11 26 17
25 12 17 3 2 19
26 20 4 18 1 25 27 28 11
27 3 25 7 23 9 14 15 2 10 8 22 18 20 12 6 5 13 4 28 21 16 1 24
28 1 24 3 14 5 25 10 27
