35
1 8 9 34 10 24 11 6 29
2 29 15 1 9 19 4 11 30 32 17 34 13 26 20 6
3 33 17 29 16 6 18 10 21 8 11 12 9 2 26 7 24 19 31 20 23 25 34 15 4 30 1 28 5 27
4 12 24 2 17 33 9 23 20 28 18 5 25 8 3 31 15 29 14 11 22 19 34 32 13 35 21 10 6 27 16 7 26
5 10 33 12 31
6 22 3 7
7 12 6 25 33 34 27 23 32 29 10 13 11 4 8 35 19 1 3 31 24 21 15
8 10 4 15 3 29 5 9 11 35 34 2 1 14 28 25 21 7 17 12 18 24 26 27 13 30
9 18 12 11 17 21 28 31 14 16 26 1 22 34 32 5 20 4 7 35 8 29 25 27 19 13 23 33 6 10 24 2 3 30
10 29 12 14 20 25 6 23 18 32 13 5 22 8 28 15 11 2 27 35 17 9 26
11 22 5 9 15 24 23 10 17 34 33 2 19
12 31 18 2 17
13 2 15 27 8 23 33 4 11 5 6 10 3 18 35 29 1 7 16 19
14 9 1
15 7 17 34 32 26 33 10 31 8 13 16 23 28 20 2 9 22 6 4 24 21 11 35
16 12 5
17 32 8 14 7 26 21 34
18 17 29 3 10 25 28 21 27 9 7 32 20 31 33 22 13 14 6 4 24 11 26 23 16 35 2 30 5
19 25 24 21 29 22 7 16 18 15 35 27 14 8 23 32 6 33 4 28 11 3 10 1 30 5 13 31 2 20 17 9 26
20 5 8 22 24 34 6 17 35 2 14 21 28 25 16 29 19
21 29
22 26 12 7 6 9 16 23 5 14 3 33
23 20 2 7 21 18 27 24 13 35 31 28 29 8 16 30 9 6 33 17 3 25 14 26 22 34 11 10
24 22 34 28 6 14 12 4 26 10 27 2 7 25 15 29 1 20 33 19 3 5 30
25 7 10 14 20 31 34
26 18
27 24 4 14 9 17 29 11 5 21 6 12 32 22 1 30 19 7 33 25 23 26 13 3 18 2 35 8 16 31 28 34 10 20 15
28 12 13 5 31 18 24 10 9 27
29 35 17 6 2 21 28 27 11 20 8 7 9 30 15 32 10 19 14 25 26 12 16 4 24 13 1
30 29 26 32 33 5 2 23 16 17 19 35 27 25 4 11 8 22 12 28 31 18 14 21 1
31 4 25 20 21 23 24 32 7 16 10 28 26 29 1 22 8 15 5 11 19 9 3 34 13 27 30 14 33
32 3 30 1 29 4 8 14
33 12 35 5 19 22 4 7
34 27 19 22 15 9 33 23 13 3 18 29 8 20 32 16 2 1 5 21 17 24 30 11 7 35 12 25 28 4
35 27 6 5 21 10 24 12 22 31 20 26 14 16 28 3 19 7 18 13 17 30 15 11 1 32 23 29 2 9 4 34 25 8
